100
4 3
1111
7 3
1101011
7 4
0001011
3 3
011
16 10
0001110101111010
5 1
01010
17 7
00011101010111010
6 3
100101
9 7
000110100
17 3
10000110001110100
17 9
00111010111111111
8 1
11010110
9 4
011100010
10 7
1010111100
9 2
010000010
4 4
1110
13 12
1011010111110
9 4
101001110
7 3
0000111
17 5
10101010011001000
18 4
100100110000101110
19 11
0000010000010000011
11 10
11110100111
20 17
11100100000000011010
8 5
00110001
7 5
1011111
5 5
10110
8 7
00000101
11 2
00001101000
14 3
00011100100111
17 12
10010111101100100
3 3
010
9 7
100000010
4 2
1000
8 3
01000110
4 2
1110
7 2
0010110
1 1
1
1 1
0
8 3
00001111
3 1
101
8 3
11101011
5 5
10111
16 10
0011110011010001
10 7
0100111110
6 3
110000
18 3
010000000000100101
1 1
1
18 2
000100010110110110
19 4
0001001111101110111
4 4
0101
10 1
1001001111
19 4
1111100111000011111
15 12
111110000110001
20 17
00001000111000111101
12 12
000011101101
16 12
0101010001010010
14 14
00111010100010
16 2
1111011001011000
5 2
11111
5 2
10011
7 6
1101011
17 8
10010010001100010
1 1
0
19 19
1100101010010001000
19 6
0011010000111111010
2 2
11
8 8
00100000
12 1
010111000011
1 1
1
14 12
00101111100110
20 11
00111011101011101000
12 10
001011011011
17 14
11100101001101001
15 2
000101100001100
2 1
10
6 6
011001
11 1
11011110010
9 2
110010111
20 18
00111000101000001011
13 10
1011101011010
2 2
11
15 12
001000001101101
5 1
11011
20 9
10100100111111100001
5 5
00011
2 1
01
17 2
00010100011110110
10 10
1101011110
10 6
1100011010
18 5
111010001000111010
12 1
111100110110
13 1
0010010011101
18 11
111001100011010110
1 1
0
20 1
10000110010111001011
19 18
1111011100001010101
4 4
1011
12 12
000011101101
8 3
11110000
