1
1101
0
1101011
0
0001011
0
011
0
0001110101111010
0
01010
0
00011101010111010
0
100101
0
000110100
1
10010110001110100
0
00111010111111111
3
10101010
0
011100010
0
1010111100
1
010010010
0
1110
0
1011010111110
0
101001110
1
0010111
0
10101010011001000
0
100100110000101110
0
0000010000010000011
0
11110100111
0
11100100000000011010
0
00110001
0
1011111
0
10110
0
00000101
2
00101101001
0
00011100100111
0
10010111101100100
0
010
0
100000010
1
1010
0
01000110
1
1010
0
0010110
0
1
0
0
2
00101101
0
101
0
11101011
0
10111
0
0011110011010001
0
0100111110
1
110010
2
010001000100100101
0
1
2
010101010110110110
1
0001001110101110111
0
0101
5
1010101010
2
1110100111000011101
0
111110000110001
0
00001000111000111101
0
000011101101
0
0101010001010010
0
00111010100010
2
1101011001011010
1
11011
0
10011
0
1101011
0
10010010001100010
0
0
0
1100101010010001000
0
0011010000111111010
0
11
0
00100000
4
010101010101
0
1
0
00101111100110
0
00111011101011101000
0
001011011011
0
11100101001101001
2
010101100101100
0
10
0
011001
4
10101010101
1
110010101
0
00111000101000001011
0
1011101011010
0
11
0
001000001101101
2
10101
0
10100100111111100001
0
00011
0
01
3
01010101011010110
0
1101011110
0
1100011010
0
111010001000111010
6
101010101010
5
0101010101010
0
111001100011010110
0
0
10
10101010101010101010
0
1111011100001010101
0
1011
0
000011101101
2
11010010
