1000
84 10 87
915 793 335 386 492 649 421 362 27 690 59
39 5 10 37 3 2 60 9
68 15 30
530 862 123 67 135 929 802 22 58 69 167
38 9 14 17 7 1 54 15
85 4 38
324 315 370 413 526 91 980 956 873 862 170
57 2 25 10 1 2 37 2
47 39 30
857 124 895 582 545 814 367 434 364 43 750
8 9 5 3 6 4 5 27
55 18 100
60 676 368 739 12 226 586 94 539 795 570
21 13 9 13 10 9 8 1
53 34 57
280 286 441 865 689 444 619 440 729 31 117
18 12 4 12 10 8 6 33
98 51 54
965 306 683 219 624 528 871 732 829 503 19
31 45 8 16 41 40 89 18
19 9 46
451 921 555 379 488 764 228 841 350 193 500
1 5 1 1 3 2 17 1
28 4 66
936 432 551 437 228 275 407 474 121 858 395
5 3 1 4 3 3 20 4
29 20 30
404 443 763 613 538 606 840 904 818 128 688
10 13 8 7 13 6 26 4
91 88 100
725 644 590 505 139 954 786 669 82 542 464
2 89 2 1 21 81 44 45
100 47 44
568 340 422 311 810 605 801 661 730 878 305
13 33 6 7 4 3 9 26
83 63 59
637 62 624 600 36 452 899 379 550 468 71
4 28 2 3 26 19 38 31
100 100 82
996 959 773 813 668 190 95 926 466 84 340
1 17 1 1 14 6 46 57
80 8 19
412 348 172 659 9 336 210 342 587 206 301
32 4 26 8 4 4 42 1
40 21 12
667 705 228 127 150 984 658 920 224 422 269
17 20 12 11 13 13 33 18
26 21 86
299 640 42 898 713 298 190 524 590 209 581
4 21 1 4 12 2 10 6
74 3 77
255 860 142 579 884 993 205 621 567 504 613
50 3 27 10 2 2 1 3
85 53 22
868 528 189 872 908 958 498 36 808 753 248
31 38 4 11 29 15 78 50
69 54 30
46 788 797 249 990 303 33 363 497 253 892
7 16 4 4 8 5 13 46
37 25 61
921 460 304 28 27 50 748 556 902 794 697
3 16 3 3 13 4 9 7
48 32 39
151 535 134 339 692 215 127 504 629 49 964
15 29 9 11 1 23 23 4
50 18 90
988 292 795 743 144 829 390 682 340 541 569
18 19 18 1 10 17 24 6
82 77 10
425 996 367 677 234 690 626 524 57 614 168
4 39 1 3 35 4 23 66
17 5 53
529 946 290 647 970 51 80 631 593 857 627
5 5 5 1 3 1 7 5
11 11 70
274 355 641 620 433 987 888 338 566 770 284
1 10 1 1 10 8 5 10
18 18 19
783 873 458 873 637 289 483 607 478 757 314
1 14 1 1 3 7 12 13
75 8 34
681 493 358 270 699 417 839 569 363 622 794
26 5 2 17 3 1 18 8
58 50 16
157 574 491 947 951 231 21 537 740 54 30
9 3 5 8 2 2 54 40
97 18 5
580 218 21 970 862 812 379 977 685 536 904
17 3 2 7 1 2 64 4
28 1 51
560 818 105 563 49 244 711 805 934 291 375
12 1 2 5 1 1 6 1
23 16 83
30 93 574 126 593 486 253 543 74 814 713
4 2 3 4 1 2 9 13
95 87 18
235 137 691 153 943 573 328 925 291 710 18
8 13 4 8 10 8 26 1
72 58 62
685 789 73 604 851 805 250 868 503 485 6
1 4 1 1 4 3 20 22
97 25 82
560 36 955 770 518 211 342 532 196 379 321
51 3 50 24 1 2 44 23
99 75 31
347 950 30 573 714 59 522 47 924 82 435
8 25 3 4 24 12 66 29
60 43 63
683 41 848 723 324 272 122 154 335 821 457
16 36 4 1 10 23 42 31
54 12 34
959 728 806 797 720 84 308 334 698 991 376
20 2 13 12 2 2 39 7
17 6 25
539 0 378 109 53 81 114 338 989 426 67
12 1 8 12 1 1 4 4
51 12 80
254 350 131 813 857 494 181 81 603 720 433
23 5 12 7 2 1 17 11
93 91 52
32 134 181 506 415 57 708 595 999 962 297
1 77 1 1 52 45 10 68
22 16 67
860 682 211 685 86 285 930 990 583 314 476
7 4 6 2 1 4 8 3
37 37 61
643 337 928 582 621 310 955 888 225 815 570
1 18 1 1 10 17 31 15
28 26 27
71 651 149 910 528 639 398 888 610 393 577
1 13 1 1 6 5 26 10
58 1 67
17 641 735 368 298 184 195 776 805 266 428
11 1 3 4 1 1 40 1
75 51 46
325 997 283 412 127 382 421 693 334 439 334
22 40 18 22 35 2 63 11
42 31 17
850 662 482 399 217 154 173 15 506 851 364
3 8 2 3 6 2 36 9
72 52 81
856 590 341 970 352 665 511 69 517 361 83
5 51 1 2 4 7 37 38
33 6 55
875 679 141 412 538 969 636 170 956 844 760
18 4 18 13 3 3 6 4
70 63 36
621 393 790 289 109 631 673 264 735 548 295
6 58 6 3 10 2 56 59
69 41 57
933 823 286 171 358 677 140 245 181 761 990
22 29 9 7 20 26 65 24
60 30 20
844 469 238 551 976 383 19 133 343 304 956
13 21 9 9 3 8 33 30
3 2 69
2 174 207 718 216 183 377 487 472 573 957
1 1 1 1 1 1 1 2
27 10 75
393 485 948 305 30 29 559 898 160 562 424
8 4 2 7 3 1 12 4
90 9 41
723 938 557 493 431 710 220 905 690 613 391
7 1 5 1 1 1 61 4
96 17 100
88 154 386 569 232 969 710 373 30 433 663
28 16 23 6 12 16 12 8
43 10 31
515 349 915 186 881 11 634 133 387 722 287
28 1 4 11 1 1 1 10
60 59 64
353 712 269 705 404 733 799 734 819 315 435
2 34 2 1 8 31 38 31
90 36 11
960 704 911 557 829 403 816 892 821 522 605
44 16 14 13 3 16 31 6
83 51 88
551 589 386 353 426 948 794 36 506 107 92
26 21 10 9 4 16 58 4
24 6 38
484 317 312 931 17 709 165 156 608 69 745
3 5 3 3 5 5 18 3
53 30 72
925 743 172 91 89 527 566 878 812 50 196
21 22 14 19 18 19 6 29
16 15 42
639 437 263 198 590 939 202 513 631 128 257
1 12 1 1 11 10 16 6
22 13 73
634 158 725 356 952 645 472 446 339 111 883
4 2 2 3 1 2 15 6
97 7 31
294 13 757 519 860 650 292 832 876 279 990
85 4 76 84 4 2 17 5
77 54 41
801 83 800 492 609 496 440 939 763 735 304
18 7 5 10 5 4 74 15
40 6 5
986 302 625 79 591 547 407 484 131 561 919
17 4 13 10 3 4 24 2
24 4 69
639 643 438 988 394 320 680 98 486 18 752
1 4 1 1 2 4 23 3
99 55 26
978 853 966 797 748 547 272 516 86 912 159
18 13 4 10 4 9 41 7
8 2 99
154 861 906 334 3 325 784 428 797 763 633
1 2 1 1 2 2 5 2
9 6 30
313 879 634 316 914 585 775 765 986 930 626
1 7 1 1 6 2 2 2
96 77 34
776 847 613 26 300 62 786 629 763 100 508
18 45 6 9 20 11 57 36
19 19 66
499 134 546 908 853 62 303 686 842 432 534
1 11 1 1 2 4 6 1
25 16 83
451 716 361 343 37 187 861 602 981 360 88
10 3 2 4 1 1 11 13
63 21 43
996 163 466 811 500 515 487 234 332 290 950
29 22 23 16 13 8 5 13
83 65 45
323 738 751 951 873 811 465 168 681 813 683
10 32 6 5 9 2 18 63
73 44 92
411 623 587 57 836 793 439 281 620 114 371
12 19 1 3 1 3 68 14
1 1 68
335 433 490 457 132 949 529 523 690 292 147
1 2 1 1 1 1 1 1
40 26 67
936 653 260 52 220 957 204 287 983 540 721
2 18 2 2 1 15 10 15
28 9 99
563 221 660 883 616 267 223 382 292 511 35
14 4 7 11 1 4 23 5
69 62 77
173 503 887 254 673 57 481 823 929 396 44
7 62 7 1 40 20 32 43
35 17 60
742 973 401 638 171 413 958 899 422 484 755
10 17 1 2 7 15 16 17
1 1 43
12 504 807 759 358 525 894 117 158 636 90
1 1 1 1 1 1 1 1
21 12 10
400 832 786 4 833 458 356 127 410 368 631
10 4 2 7 3 3 3 3
2 2 66
867 490 926 732 238 699 705 0 562 457 832
1 2 1 1 2 2 2 1
29 29 40
470 585 392 280 542 754 533 707 743 400 550
1 26 1 1 1 15 4 11
26 22 84
694 142 630 191 63 520 320 554 538 142 492
1 14 1 1 7 9 11 15
45 6 3
784 522 87 925 157 735 602 492 548 296 986
11 4 2 4 1 1 40 3
49 36 73
482 557 88 576 337 797 220 139 694 5 14
5 23 4 5 13 5 34 21
54 41 100
754 350 236 710 292 242 158 164 23 641 721
6 20 5 5 11 3 16 3
17 16 90
439 958 17 806 375 901 511 674 978 265 377
1 8 1 1 7 2 15 16
7 2 100
316 260 839 570 567 986 486 8 767 277 966
1 2 1 1 1 2 7 1
97 66 35
117 95 674 950 631 802 208 630 851 525 242
11 62 1 5 49 56 68 42
36 24 32
180 320 297 900 688 861 996 974 401 114 69
1 17 1 1 12 12 34 23
78 56 24
790 151 235 960 946 799 447 229 502 628 549
12 9 2 10 2 3 21 7
85 55 95
36 776 384 71 209 238 700 684 539 490 835
10 51 2 7 1 44 24 39
65 44 80
853 944 634 769 711 977 105 257 736 142 34
13 6 10 13 6 1 15 44
68 67 77
601 302 160 963 82 38 227 14 796 433 958
1 15 1 1 10 13 68 36
14 1 68
260 29 335 892 631 443 712 7 353 313 662
14 1 7 14 1 1 2 1
70 66 82
90 889 854 369 736 8 682 704 726 295 733
5 37 5 3 5 4 11 1
39 8 24
834 626 401 945 325 394 366 806 589 456 47
12 8 1 4 5 1 24 4
74 2 49
290 505 946 366 67 863 104 790 408 290 768
3 1 1 2 1 1 69 1
52 29 92
435 447 448 275 681 956 200 329 651 842 834
6 1 4 5 1 1 17 12
12 3 34
256 640 496 859 136 258 510 428 846 297 875
5 1 2 1 1 1 2 2
72 57 56
324 719 896 367 644 203 530 729 746 786 370
11 28 11 1 5 23 3 4
14 3 45
421 947 207 658 200 878 729 107 758 53 179
12 1 12 3 1 1 5 1
27 7 3
485 106 946 123 804 751 637 501 833 410 448
4 6 1 4 1 5 20 5
88 9 89
462 951 983 718 259 423 345 514 861 182 972
48 8 18 32 7 7 49 4
79 40 38
78 760 628 186 141 184 825 882 865 639 833
9 41 3 2 17 22 9 30
84 19 45
412 555 893 42 300 950 120 789 428 550 549
19 18 1 4 15 3 27 17
10 5 59
554 281 319 216 118 260 499 763 506 263 318
2 4 1 2 2 4 10 4
13 13 87
55 779 683 979 589 237 89 247 853 995 880
1 14 1 1 6 9 4 2
85 43 43
107 96 761 218 225 441 231 763 210 286 894
15 34 11 9 25 29 68 18
16 10 14
314 998 680 780 641 6 564 35 638 23 131
3 6 1 1 6 5 13 4
72 25 3
906 485 491 989 174 544 656 388 161 970 738
2 13 2 1 10 6 31 18
51 32 43
959 488 461 135 596 924 206 598 356 113 435
8 22 3 1 3 11 39 1
41 30 52
171 299 904 289 489 946 539 784 582 850 272
8 31 5 8 2 18 41 28
54 14 76
215 619 925 269 877 709 709 680 595 232 331
6 13 3 5 7 8 24 11
29 1 25
448 744 794 618 772 804 872 647 267 439 619
13 2 4 4 1 1 14 1
60 50 51
31 148 642 988 177 906 568 954 508 369 698
7 45 2 7 22 30 7 4
41 6 72
288 526 186 816 376 541 27 78 122 59 226
34 7 1 30 5 7 15 5
9 8 88
230 294 239 51 372 242 492 644 306 780 522
2 5 1 1 4 2 9 4
3 2 27
958 649 458 668 181 146 428 720 174 658 14
1 2 1 1 1 2 3 1
58 56 61
507 546 964 483 55 703 37 33 842 348 683
1 21 1 1 19 16 40 56
4 2 88
42 43 775 777 710 462 386 870 97 893 417
1 3 1 1 3 2 4 1
94 21 60
109 57 335 46 30 495 702 417 716 96 813
53 17 39 3 10 14 58 6
64 59 18
339 934 352 549 893 818 442 504 5 904 913
1 3 1 1 1 3 49 45
27 5 49
50 54 939 796 809 445 311 626 680 2 912
23 1 23 2 1 1 5 1
28 10 53
871 440 557 584 48 10 111 148 337 513 554
4 10 4 3 5 3 3 7
55 4 40
764 342 225 777 902 827 704 154 380 575 946
43 1 35 2 1 1 26 1
97 48 20
412 693 825 754 448 151 360 587 382 124 929
10 31 4 7 15 4 5 47
37 21 10
630 109 669 125 451 157 173 70 658 585 764
13 8 11 6 5 8 22 7
33 27 28
967 466 37 304 633 571 292 794 617 275 255
1 21 1 1 13 3 27 9
94 47 93
457 978 902 960 347 431 744 26 861 711 492
19 1 15 18 1 1 61 23
80 48 81
586 279 613 363 436 124 609 428 974 66 759
18 21 5 5 18 3 74 44
30 14 25
158 945 215 782 88 503 661 868 542 247 500
11 8 1 2 4 6 9 3
77 49 88
934 199 140 770 72 327 451 196 882 610 494
5 43 3 4 23 38 74 40
55 35 56
591 986 538 660 944 528 488 483 545 422 34
3 21 1 1 21 13 38 7
50 1 98
83 2 403 238 850 55 892 205 21 835 191
12 2 9 12 2 2 37 1
59 43 27
465 91 650 120 690 608 622 388 958 57 390
17 4 6 2 1 2 6 26
42 18 54
829 844 558 152 533 316 510 259 970 327 350
23 2 1 9 1 1 17 18
72 16 100
763 19 19 561 512 746 254 917 969 83 762
32 5 32 21 1 5 55 2
57 49 39
296 718 55 429 608 887 600 507 718 715 878
9 29 6 6 4 17 29 37
23 7 86
69 881 707 623 399 836 879 889 118 527 607
6 5 6 3 4 5 5 1
5 2 20
46 55 839 706 212 508 128 897 765 197 130
1 1 1 1 1 1 2 2
78 12 57
944 69 852 370 551 828 26 123 784 72 530
28 4 27 17 4 4 68 2
74 14 75
2 735 737 772 866 20 501 874 611 445 943
18 8 4 18 2 3 7 12
5 2 8
298 591 8 289 193 817 762 267 150 116 354
4 2 1 4 2 1 4 1
43 40 39
589 682 250 263 814 867 467 921 616 765 865
1 6 1 1 5 4 36 29
80 69 32
251 90 969 697 313 859 791 352 916 732 386
11 46 7 7 25 46 42 68
39 27 78
396 418 857 73 362 845 104 193 425 707 635
5 18 5 1 1 14 16 4
40 37 40
591 777 91 64 130 22 755 108 360 151 526
2 22 1 2 10 4 33 6
70 57 40
370 896 694 23 770 975 414 161 604 5 938
6 54 6 4 27 2 70 47
56 34 100
296 766 938 81 958 679 502 249 825 224 146
20 28 17 8 18 22 52 9
17 10 99
437 568 616 966 349 296 21 348 905 669 466
5 7 3 1 3 4 16 1
73 4 26
88 772 443 518 576 461 886 426 901 323 994
31 5 13 13 3 2 10 1
64 20 21
640 847 392 18 900 222 543 825 4 983 950
33 12 19 23 12 1 19 3
52 20 33
347 902 366 743 326 50 958 298 837 950 498
33 13 31 27 7 2 29 8
79 51 56
108 163 736 764 677 151 415 709 854 114 612
5 31 1 1 18 1 47 25
40 1 90
189 493 304 117 653 151 347 908 852 455 423
22 1 18 15 1 1 27 1
27 9 20
769 789 184 710 249 655 501 290 447 42 783
16 3 5 16 1 2 1 9
72 64 53
924 196 930 87 143 736 565 662 752 334 803
4 57 1 1 33 46 17 13
30 27 100
617 158 367 665 322 386 137 74 977 61 271
1 25 1 1 17 6 30 4
36 30 39
340 334 46 386 430 690 216 982 846 185 492
7 12 1 4 1 6 23 14
65 65 91
630 186 672 762 287 72 697 325 221 389 660
1 23 1 1 9 8 65 40
70 1 76
83 27 720 324 309 474 188 499 80 170 38
33 1 4 11 1 1 9 1
64 52 71
457 32 491 234 541 21 503 616 753 938 996
5 26 1 3 14 26 13 27
96 43 37
520 12 592 523 762 964 538 132 463 348 165
2 7 1 1 6 7 18 5
24 15 60
328 911 146 485 995 472 32 831 82 905 196
6 13 3 6 10 9 7 3
61 10 62
370 441 38 397 875 413 420 486 756 101 398
7 7 4 3 4 7 23 9
26 13 32
435 122 679 230 577 346 190 690 947 913 132
4 13 4 4 1 12 16 10
44 43 10
989 135 149 918 591 377 395 723 738 830 197
2 42 1 1 4 4 36 9
50 30 54
956 856 614 801 715 150 397 476 976 738 611
8 13 3 8 12 5 44 26
76 7 12
601 127 306 418 542 174 367 647 353 323 503
28 6 23 10 1 5 35 6
6 3 25
860 779 727 137 725 664 964 736 15 566 215
2 1 2 2 1 1 4 3
61 17 21
831 990 82 525 788 46 183 712 370 43 491
10 7 7 7 5 2 11 5
72 24 55
981 1 751 90 202 131 702 75 987 533 65
39 12 17 11 3 2 32 22
61 7 93
329 458 370 633 291 785 857 797 537 190 799
14 1 8 10 1 1 35 7
46 2 82
50 1 929 319 192 270 80 537 143 409 347
42 3 34 12 1 3 35 2
88 34 82
941 952 112 721 63 332 567 244 315 969 246
40 5 31 35 2 3 10 3
76 41 76
666 231 480 454 771 625 42 304 403 335 257
16 33 1 16 19 3 71 14
64 3 59
953 624 307 281 633 789 308 861 17 974 92
52 1 36 32 1 1 23 2
82 37 46
153 592 541 70 458 838 585 216 424 539 192
10 37 8 3 31 8 35 30
83 26 92
50 918 409 922 148 918 755 245 484 908 189
5 26 3 2 9 16 2 20
8 4 77
585 301 811 975 895 969 810 986 556 212 257
3 2 2 3 2 2 1 2
93 14 51
840 18 397 55 11 204 815 440 184 400 93
68 3 41 58 2 3 51 12
84 12 91
341 777 828 696 201 330 888 3 810 80 22
69 13 49 9 9 2 49 4
71 28 48
258 964 672 585 837 773 168 379 361 861 509
14 5 5 12 2 2 4 15
89 72 42
825 357 669 3 657 724 625 305 507 884 269
4 16 4 1 14 7 38 4
52 17 8
762 78 206 828 760 85 268 354 451 445 711
34 15 12 22 12 12 41 14
96 44 36
106 540 120 649 557 323 700 116 732 814 195
49 18 24 28 5 16 36 25
78 5 1
446 497 638 824 554 300 471 789 431 578 681
37 4 29 5 4 4 38 5
55 34 3
914 329 703 279 508 763 356 160 975 154 10
15 29 5 5 20 14 49 17
88 88 55
978 533 238 37 845 684 644 799 773 558 128
1 46 1 1 31 38 63 53
60 40 33
723 799 129 429 497 509 816 803 820 146 336
6 33 2 6 18 7 41 18
14 8 49
802 991 473 303 909 525 463 442 204 538 593
2 8 1 1 8 6 1 2
82 70 78
115 872 348 799 92 438 612 140 365 414 131
5 67 3 1 38 21 51 14
80 16 58
221 504 582 818 222 568 752 999 89 219 871
40 7 36 28 3 6 65 6
39 3 35
683 202 704 869 474 128 649 783 223 222 639
6 2 3 6 2 2 31 1
38 19 57
752 183 717 560 480 467 850 966 286 533 168
12 4 11 4 1 3 37 15
18 14 56
279 633 868 493 799 584 282 755 319 34 291
4 15 4 4 3 5 3 13
59 7 38
604 660 489 382 58 820 800 613 191 431 246
4 5 3 1 4 4 55 7
45 12 57
567 263 688 9 109 19 619 298 456 223 958
17 6 14 6 3 5 7 10
29 25 74
626 70 728 780 737 673 576 145 565 496 409
4 4 3 1 1 2 15 23
28 10 32
496 849 63 478 510 957 58 936 775 685 358
13 4 12 5 2 2 23 8
55 55 100
224 676 518 745 109 218 225 192 523 721 41
1 32 1 1 26 24 54 30
50 12 79
997 759 153 590 853 42 296 905 789 872 933
28 5 15 2 4 2 4 5
80 28 93
882 940 428 74 315 723 975 545 834 972 305
9 26 4 4 1 16 44 8
1 1 83
94 60 896 32 813 812 11 857 631 894 149
1 1 1 1 1 1 1 1
67 29 13
177 746 449 944 621 884 645 156 937 91 216
9 15 8 1 3 1 23 8
92 74 92
907 526 701 268 847 673 287 211 559 464 310
13 36 8 6 34 24 58 12
56 6 19
388 67 812 978 399 546 69 791 951 328 669
6 3 5 2 3 3 22 5
90 1 50
673 194 218 112 727 419 120 446 96 508 865
31 2 31 26 1 1 1 1
30 29 15
297 792 774 728 381 474 118 330 286 143 876
1 6 1 1 6 3 16 12
20 8 37
236 494 687 644 604 276 73 719 166 722 863
12 9 5 7 1 2 6 1
56 48 62
111 241 399 513 316 987 132 4 414 721 499
8 3 8 3 1 1 33 34
90 87 38
337 603 589 616 8 5 123 622 677 586 215
1 12 1 1 8 5 80 55
40 23 83
194 12 165 721 909 382 462 746 51 800 701
7 1 5 2 1 1 36 12
4 1 4
486 518 215 726 699 872 465 981 246 660 994
4 2 4 2 2 2 1 1
55 24 90
468 835 358 856 510 187 459 965 467 946 483
20 23 15 8 13 16 24 7
10 4 17
764 61 78 469 610 74 524 799 189 344 634
2 2 1 2 1 2 6 3
97 59 91
830 497 121 697 650 623 559 918 506 675 331
13 46 10 10 12 17 35 10
27 8 1
574 835 227 387 742 537 683 332 168 865 829
2 7 2 1 4 4 15 6
82 65 8
22 717 315 115 917 681 193 17 247 768 205
7 38 2 7 32 37 43 27
62 8 79
645 142 445 394 265 595 827 972 889 202 689
26 2 22 7 1 1 48 7
86 47 65
185 380 977 817 264 385 630 142 709 275 637
35 15 13 27 10 2 22 12
68 61 49
226 786 583 907 271 213 792 287 351 329 667
1 43 1 1 19 18 8 26
64 19 82
317 735 628 543 78 31 811 626 104 389 412
6 17 4 1 14 2 37 12
43 11 85
274 702 46 53 829 450 116 463 229 786 198
7 10 5 3 1 5 38 11
19 1 32
405 284 619 80 240 742 423 876 659 49 931
6 1 5 4 1 1 7 1
74 19 46
401 186 531 655 530 413 673 562 591 79 198
44 20 7 22 3 7 27 16
98 33 74
710 584 9 285 673 718 411 970 757 812 508
43 21 19 19 10 8 91 7
52 45 60
293 864 18 959 532 2 909 257 441 619 842
3 3 2 3 3 3 7 3
47 38 19
385 971 145 690 967 70 841 527 506 486 743
7 19 7 4 16 2 42 12
28 19 75
594 347 953 432 977 137 130 247 789 515 570
8 6 3 6 5 6 28 4
13 5 92
140 322 740 26 346 417 105 821 55 700 168
6 5 5 5 5 1 3 2
17 6 28
206 636 788 975 203 24 487 646 57 628 969
6 6 6 2 6 5 9 6
10 8 84
507 482 613 604 122 94 920 401 484 478 37
2 7 1 1 3 6 5 2
60 48 52
227 70 38 67 693 202 428 28 849 935 510
7 14 6 5 7 14 47 28
75 74 19
366 315 741 957 21 662 868 524 941 95 595
1 16 1 1 16 5 9 10
32 12 99
867 460 639 253 206 282 27 224 731 746 891
21 7 2 4 5 5 21 12
37 31 61
376 942 181 396 678 764 279 876 239 147 336
4 1 3 2 1 1 9 12
63 57 70
627 908 856 768 688 227 504 449 465 232 743
1 39 1 1 2 38 35 48
39 1 30
233 43 994 704 639 224 418 60 156 397 968
15 2 5 14 2 1 4 1
54 43 60
327 522 846 329 524 605 19 54 468 604 449
7 17 7 4 9 8 50 41
70 3 12
830 207 663 640 967 917 194 78 151 873 600
58 3 2 51 2 2 63 2
81 56 37
420 923 917 921 470 746 743 733 740 925 940
16 9 5 1 6 3 39 10
40 20 21
416 774 112 947 196 290 927 785 481 699 60
1 1 1 1 1 1 37 14
57 57 93
168 664 23 858 488 8 149 308 899 565 435
1 15 1 1 2 9 46 38
29 23 39
710 734 236 326 323 581 234 315 493 402 979
1 21 1 1 14 8 7 18
64 1 41
898 147 631 667 634 474 495 224 642 558 959
63 1 31 57 1 1 42 1
81 58 74
100 402 246 580 531 574 495 23 766 393 522
22 7 16 9 7 6 49 15
93 83 50
326 613 172 627 270 44 260 795 528 360 550
3 13 2 1 5 12 45 71
28 2 69
136 144 853 869 363 671 914 164 373 592 129
15 2 2 2 1 1 2 1
49 40 49
529 1 271 986 172 803 965 741 396 453 885
10 6 1 3 3 5 15 22
94 74 43
996 483 585 895 657 777 343 605 261 225 959
18 64 4 14 41 1 21 60
11 2 38
710 310 596 827 307 129 72 202 234 69 37
10 2 5 9 2 1 9 1
12 4 46
94 484 975 319 920 308 429 958 668 491 620
9 4 9 4 4 2 12 1
68 25 51
861 98 83 865 659 968 476 104 415 923 940
24 13 14 4 11 12 24 17
40 26 88
718 432 928 848 763 740 367 913 868 580 363
4 5 3 4 5 4 40 24
20 20 83
632 537 814 451 609 681 242 296 218 312 81
1 1 1 1 1 1 19 13
26 23 14
848 385 884 678 776 82 449 910 873 81 447
1 5 1 1 4 4 22 16
87 18 42
982 731 535 444 541 347 270 654 957 470 391
4 19 4 4 12 4 37 6
78 15 94
285 966 394 990 257 185 776 750 489 759 833
25 4 2 24 2 1 7 4
25 20 26
643 853 394 425 706 425 654 599 341 939 565
5 17 5 2 2 17 13 10
10 4 39
835 213 198 567 245 494 43 823 290 687 28
6 5 3 4 4 1 2 2
3 3 88
776 460 398 52 223 919 161 361 292 348 575
1 4 1 1 4 4 2 3
76 23 16
461 124 932 146 927 989 748 466 681 876 927
20 1 11 11 1 1 68 14
91 32 91
315 879 368 662 210 718 390 225 180 851 701
53 10 42 24 9 8 3 24
75 8 18
876 620 401 92 615 894 882 805 303 549 36
12 1 11 6 1 1 24 6
29 9 38
209 191 254 657 677 581 383 947 540 260 567
2 3 1 1 2 1 2 3
28 21 68
325 960 654 852 234 459 80 971 615 290 514
6 12 5 1 7 12 3 15
11 4 41
944 880 585 635 75 73 714 942 773 391 255
4 4 2 3 4 1 11 2
28 1 27
871 580 947 362 275 241 772 967 240 68 847
22 2 13 7 2 2 20 1
73 24 3
313 40 78 125 246 396 452 672 660 323 253
8 13 1 2 12 13 67 22
47 32 67
320 516 53 889 539 565 713 341 320 26 381
16 11 12 12 4 1 5 25
58 32 68
489 968 831 336 409 60 734 27 697 54 543
25 25 8 19 8 24 1 5
57 16 92
136 238 496 140 398 128 397 165 150 238 133
4 12 3 2 1 2 54 3
65 61 94
898 861 20 321 201 408 829 293 948 965 531
2 14 2 2 9 13 58 43
32 11 61
825 153 30 98 244 449 914 789 811 812 650
12 10 8 4 6 7 20 10
81 23 37
661 613 648 108 392 93 391 152 815 217 305
1 12 1 1 7 11 28 4
93 77 43
896 233 251 744 773 235 124 109 677 786 74
16 51 11 4 50 16 43 56
24 11 37
177 783 160 867 594 258 912 236 842 808 469
12 5 3 2 5 4 15 11
78 4 37
595 807 754 213 746 313 489 882 539 666 18
52 1 1 34 1 1 3 2
70 63 50
264 630 891 319 341 410 449 377 175 44 537
2 19 2 1 15 16 24 28
88 27 85
851 846 504 51 350 813 73 651 675 337 634
19 21 6 6 6 1 8 20
42 3 86
876 27 211 98 513 680 985 697 386 189 895
11 1 4 2 1 1 38 3
32 28 3
858 682 116 562 538 618 804 323 730 32 702
4 12 4 2 9 10 9 18
61 40 7
406 362 915 655 446 917 538 800 576 396 482
20 13 1 16 2 10 33 12
47 34 44
261 421 801 878 485 810 39 791 412 797 154
4 23 1 1 21 10 39 19
35 16 71
255 585 867 950 683 718 996 779 51 610 200
6 5 4 2 5 2 35 5
83 74 59
934 703 822 686 228 912 921 798 313 176 735
1 29 1 1 28 18 55 20
51 31 7
787 226 157 615 5 833 598 816 314 532 519
6 4 6 6 1 2 2 19
85 49 95
755 144 325 657 445 762 407 304 392 546 530
3 13 2 1 10 13 54 2
75 41 38
673 938 707 922 652 727 259 546 226 14 42
27 1 2 22 1 1 59 28
74 29 60
913 693 604 616 94 248 191 631 816 216 569
22 2 18 12 1 2 62 26
14 7 85
0 750 924 496 160 254 521 119 98 434 165
7 4 4 4 3 3 5 7
64 46 95
736 597 403 207 778 520 720 862 12 72 965
9 19 3 4 17 13 25 3
63 33 95
373 997 225 967 467 388 130 461 41 218 410
16 18 5 14 2 2 10 5
21 21 67
197 808 932 146 801 160 260 495 440 633 844
1 5 1 1 3 1 2 10
37 16 45
76 561 574 831 890 144 903 508 986 101 669
11 14 10 1 1 2 20 14
11 3 89
122 645 880 599 92 181 487 688 610 916 249
5 4 3 2 4 1 7 2
22 14 38
491 15 915 457 238 761 267 478 559 741 123
7 13 5 6 3 1 20 9
59 45 21
702 801 198 54 820 654 76 757 62 567 772
3 43 1 2 6 4 34 19
17 14 94
884 765 961 492 700 57 702 172 604 404 325
4 5 2 2 3 3 4 9
28 4 2
741 643 178 582 645 267 250 438 48 134 555
12 4 1 7 2 1 3 2
7 3 30
603 339 135 858 562 590 885 115 125 626 759
4 1 1 3 1 1 1 3
98 42 84
5 453 308 138 828 745 596 709 994 199 48
18 33 8 8 28 17 19 14
90 44 53
593 774 996 787 97 644 537 780 271 894 234
45 43 15 23 43 32 74 13
25 15 5
487 576 884 917 124 157 107 976 342 52 103
10 1 1 6 1 1 7 2
67 52 39
980 567 636 456 590 168 980 94 758 819 22
3 51 2 1 10 7 54 1
79 72 89
130 223 169 463 181 792 29 719 800 10 286
6 53 5 6 19 8 52 50
98 44 62
196 564 253 672 762 205 602 650 997 85 225
49 29 47 14 9 26 68 28
17 5 53
345 561 555 20 277 524 717 690 582 914 255
12 5 6 9 3 5 3 3
97 78 60
2 273 455 832 736 394 949 340 504 294 902
20 37 12 17 11 11 27 22
29 27 58
197 801 480 568 894 457 164 153 335 519 426
1 12 1 1 9 8 29 2
62 21 53
344 388 996 918 610 645 746 19 233 296 820
16 13 11 3 2 2 18 9
98 32 52
864 888 904 72 928 202 885 732 815 230 472
23 11 12 8 1 11 84 15
74 56 11
339 685 436 910 894 336 260 246 939 124 486
2 13 1 1 11 7 56 41
72 5 29
406 888 410 507 634 305 133 444 712 472 481
61 2 42 19 2 1 16 2
61 45 24
226 73 806 725 286 822 49 366 338 455 606
8 23 1 6 4 11 23 28
71 27 22
246 509 354 220 989 825 32 664 197 259 737
26 9 12 18 1 8 27 23
100 56 21
292 725 602 33 547 226 903 868 233 502 730
5 46 5 3 24 26 15 23
73 12 23
199 551 88 292 771 928 991 91 435 635 168
51 13 40 12 11 4 33 3
67 16 42
737 258 607 472 925 325 944 947 28 143 850
9 4 1 7 3 1 5 7
82 15 23
948 838 358 884 40 784 902 182 285 639 792
45 8 28 41 8 1 25 8
68 58 67
840 814 468 553 646 234 786 220 668 86 59
5 15 2 4 11 9 29 46
27 6 94
495 263 384 864 213 638 731 279 328 571 445
19 3 19 7 1 1 20 4
76 37 30
527 593 953 512 393 818 290 86 147 786 701
4 33 3 2 3 29 66 7
44 14 46
787 27 451 451 430 504 879 211 232 758 804
11 1 10 2 1 1 24 2
91 8 87
956 908 786 854 109 794 197 107 279 984 486
48 8 45 28 3 1 64 1
85 33 59
834 714 960 823 570 11 865 956 64 821 216
27 10 16 24 7 6 74 28
72 69 12
540 2 70 20 174 847 304 884 246 491 951
3 67 1 1 18 45 2 18
47 12 36
724 183 308 509 811 221 132 874 273 672 877
28 1 4 23 1 1 42 1
92 75 95
112 915 389 941 548 93 339 735 177 415 919
7 57 1 4 45 48 77 32
87 28 28
589 922 475 877 710 315 468 57 173 932 972
23 15 14 10 13 4 8 2
80 2 24
314 82 370 271 766 804 809 145 930 398 67
12 2 11 9 1 2 6 2
60 20 60
384 166 876 345 351 209 224 374 171 538 456
28 13 7 18 4 12 40 2
92 90 37
621 808 797 808 405 530 968 564 489 352 731
3 51 3 2 23 14 27 55
18 15 97
192 745 0 616 725 721 107 813 422 729 974
1 10 1 1 8 7 9 8
28 20 59
461 237 885 270 688 402 240 384 80 432 129
1 2 1 1 2 1 9 17
47 30 49
77 251 631 373 195 193 400 505 805 214 742
3 5 2 2 2 4 18 1
1 1 58
206 111 768 930 39 356 276 188 130 354 791
1 2 1 1 1 2 1 1
86 1 60
720 303 311 238 180 171 238 489 784 797 600
83 2 25 50 1 2 10 1
75 40 58
12 516 269 855 685 315 793 544 550 513 199
14 21 8 5 9 16 19 12
73 32 73
516 333 574 47 76 636 722 933 426 734 801
14 11 13 8 4 5 32 17
35 6 75
17 158 749 238 327 240 762 751 459 278 84
6 7 3 5 4 5 19 1
48 45 96
85 858 867 820 123 819 106 897 875 123 408
1 38 1 1 5 37 45 17
24 17 14
435 435 536 881 235 375 480 731 155 917 941
8 12 2 3 12 7 14 4
23 11 47
809 263 860 648 939 967 923 352 103 358 140
10 8 6 8 8 3 14 1
49 18 98
465 444 922 427 513 593 502 911 625 311 174
7 7 5 5 7 3 42 2
11 2 5
685 971 256 144 846 893 544 743 971 9 539
6 2 2 3 1 1 11 1
92 86 55
604 163 500 774 775 445 84 380 629 122 351
6 67 6 1 32 20 15 38
33 22 100
237 538 602 554 706 908 45 712 173 1 875
6 22 1 5 11 19 2 19
87 11 38
635 468 466 280 922 989 465 973 301 54 863
1 9 1 1 1 5 87 6
9 4 15
863 184 403 245 636 90 683 974 746 671 794
6 2 5 3 1 2 3 4
58 28 63
178 977 141 812 666 500 320 380 339 183 916
4 26 2 1 7 22 40 12
26 8 97
445 50 559 838 258 382 95 72 166 274 50
14 4 3 8 3 1 11 7
17 12 45
973 481 243 852 764 731 229 612 522 674 662
4 5 1 1 4 1 10 11
48 33 94
815 152 431 615 354 77 683 298 504 657 131
12 8 4 7 4 4 9 30
23 3 39
146 954 591 843 640 177 590 633 850 405 137
14 1 10 1 1 1 17 2
26 19 66
872 496 73 732 200 191 606 690 173 752 996
5 17 2 5 4 8 3 14
7 4 30
249 839 428 743 405 845 368 70 828 592 918
2 5 2 1 1 2 7 4
59 50 35
794 28 817 416 172 113 174 653 134 776 492
3 17 1 3 9 5 26 34
43 9 90
413 934 438 927 904 473 437 638 104 583 667
35 2 7 15 1 2 13 8
90 66 37
291 196 116 963 136 299 257 977 807 23 911
24 55 24 8 20 12 29 15
74 63 55
16 893 552 861 767 206 903 203 731 194 751
8 62 8 3 49 33 5 60
81 65 57
647 679 182 453 207 857 278 361 883 295 255
6 35 1 4 22 35 26 21
81 13 76
271 773 233 487 431 374 319 687 818 967 367
63 11 46 39 1 1 52 3
96 87 80
269 224 618 198 652 575 230 927 42 501 701
8 69 5 2 43 39 60 87
40 32 77
465 85 154 105 530 852 0 761 59 269 338
3 3 2 2 3 2 31 7
72 36 78
455 683 903 979 206 882 870 82 633 688 520
6 29 1 1 26 12 44 20
2 2 33
844 389 636 762 739 187 85 69 430 892 752
1 1 1 1 1 1 1 1
18 13 41
19 333 74 534 736 841 388 169 428 232 910
2 5 2 1 2 1 9 5
75 73 20
485 934 994 582 486 776 199 827 704 218 512
3 9 2 1 6 3 28 5
32 31 18
33 421 205 455 807 881 630 526 780 467 812
1 18 1 1 3 9 24 14
43 38 39
942 62 767 64 814 843 95 984 266 480 757
4 30 2 1 29 24 11 28
57 8 12
907 514 386 737 122 556 79 212 830 21 274
50 4 41 44 2 1 36 6
83 9 87
99 291 571 542 128 308 798 739 446 57 254
35 5 29 23 4 1 10 2
67 51 25
6 17 921 431 780 639 965 367 292 64 10
7 23 6 2 1 7 58 48
36 10 60
915 952 186 855 227 785 773 451 822 780 821
4 7 2 3 1 2 8 3
35 1 96
524 823 659 106 498 826 941 710 787 857 14
6 1 6 6 1 1 29 1
66 12 29
171 763 61 843 494 5 878 89 907 402 264
23 3 13 8 1 1 31 12
92 68 10
784 672 265 828 605 235 46 986 768 217 101
5 35 1 2 3 17 23 6
53 37 14
767 758 59 944 642 422 135 203 498 271 876
12 23 6 4 14 1 23 10
73 41 2
867 487 122 255 933 519 908 946 776 675 704
19 29 16 1 20 28 72 25
31 9 77
963 927 329 135 398 396 407 699 875 627 187
9 3 9 6 2 2 19 4
24 23 86
174 147 249 428 960 332 910 888 515 225 815
1 17 1 1 3 17 21 3
53 43 18
924 38 124 343 35 942 819 220 84 993 719
7 6 6 6 6 2 25 18
35 12 31
300 322 741 565 494 840 369 664 173 293 702
10 2 8 2 1 2 26 2
81 80 62
60 379 609 979 264 869 714 994 490 366 669
2 74 2 2 41 38 15 18
82 63 99
618 190 94 279 865 247 660 578 173 720 957
3 4 1 2 2 1 39 25
38 29 31
753 205 770 932 506 68 814 105 706 784 295
2 15 1 1 15 2 23 12
1 1 9
974 712 965 543 559 448 132 341 567 237 898
1 1 1 1 1 1 1 1
58 1 18
669 17 908 112 943 56 513 652 256 487 716
32 1 28 30 1 1 1 1
20 3 79
624 35 258 486 499 27 643 116 211 664 486
13 2 7 13 1 2 17 1
3 2 58
481 731 675 802 671 427 21 949 350 997 985
1 3 1 1 2 2 2 1
92 8 76
220 255 209 6 392 339 508 101 499 989 832
80 6 57 34 3 6 64 2
43 25 17
331 955 122 636 506 265 427 233 184 999 489
15 6 7 6 6 3 28 8
68 55 11
23 415 515 180 71 676 675 39 673 6 994
12 35 2 1 12 27 6 13
28 3 96
808 780 347 143 716 554 310 178 905 685 593
19 2 15 19 1 2 14 1
55 48 70
607 681 665 45 630 438 973 325 920 781 457
4 1 2 3 1 1 47 48
50 42 4
17 651 733 425 773 632 179 42 876 138 723
3 17 2 3 1 1 5 3
42 3 24
14 749 857 70 532 480 719 735 673 88 387
8 2 1 8 1 1 38 2
78 39 62
335 845 226 367 449 220 208 25 139 574 774
37 37 17 30 10 15 63 20
82 50 62
293 4 418 847 623 952 477 785 22 812 630
29 25 11 27 15 8 61 17
84 83 9
242 489 730 637 343 886 770 956 259 64 312
2 52 2 1 25 13 73 21
56 53 6
487 427 824 944 739 490 879 48 152 474 889
3 16 1 1 2 5 29 17
53 19 10
139 391 949 212 396 502 267 1 235 754 780
27 11 16 21 9 7 39 11
10 9 89
393 760 452 285 492 749 489 254 662 628 645
1 1 1 1 1 1 4 7
76 72 65
47 365 897 319 771 652 128 411 871 873 171
4 41 1 1 6 10 4 69
16 5 52
309 517 280 56 923 845 583 387 461 631 753
3 3 1 3 3 2 10 2
11 3 9
826 333 870 448 772 850 716 823 23 25 692
6 2 4 3 1 2 10 3
61 36 24
336 386 733 975 619 389 785 528 908 964 213
10 12 6 2 9 1 41 18
5 4 12
820 512 955 527 177 602 987 201 552 323 587
2 4 1 2 4 3 3 4
100 17 19
636 752 996 796 108 854 1 120 792 173 984
20 15 2 3 10 13 7 11
50 13 45
508 623 447 594 262 199 894 33 67 530 785
4 10 2 2 3 4 15 3
98 72 14
511 567 648 873 174 10 175 770 374 683 745
3 44 1 1 36 37 52 7
78 76 56
71 124 469 436 538 378 786 404 987 297 971
1 61 1 1 26 55 74 5
65 23 45
724 269 589 764 708 995 942 915 784 365 392
36 10 7 12 8 7 21 8
59 49 58
155 954 808 775 677 893 139 222 255 215 491
7 31 2 4 8 8 15 20
12 1 35
845 917 380 532 240 968 190 197 727 697 504
1 1 1 1 1 1 9 1
99 25 33
502 776 137 673 105 776 236 391 921 81 308
29 6 23 29 4 5 15 6
3 3 38
135 18 993 243 406 525 193 990 388 47 767
1 1 1 1 1 1 1 2
76 60 81
824 202 511 922 551 716 876 140 745 11 158
16 59 5 9 37 24 37 60
26 3 87
249 593 228 216 520 970 844 101 326 668 303
6 3 1 4 1 2 11 3
9 7 46
124 765 940 30 826 139 56 412 411 657 5
1 3 1 1 2 1 1 3
35 8 30
840 86 202 538 441 735 98 238 875 222 356
20 5 3 20 1 2 16 7
53 20 15
830 729 966 161 369 56 795 199 440 987 637
7 14 2 5 12 8 26 18
26 18 25
207 783 462 505 206 132 809 972 380 991 701
3 13 3 1 6 8 11 15
60 52 89
338 269 138 359 226 335 384 703 137 943 486
2 49 1 2 41 1 16 46
19 11 62
141 915 53 763 461 988 23 649 151 713 918
5 5 3 3 4 1 4 4
39 39 18
83 852 161 452 667 411 170 180 517 664 447
1 28 1 1 11 18 12 10
81 11 5
677 33 99 229 500 850 267 917 754 702 122
50 7 42 29 5 3 31 1
22 7 67
382 676 923 643 90 790 823 146 82 852 180
14 2 13 1 2 2 3 6
72 71 54
213 732 587 887 927 928 360 693 48 742 722
2 35 1 1 12 20 61 51
40 8 30
171 113 548 120 251 304 192 657 214 405 389
19 3 13 12 3 1 2 4
37 19 6
600 271 46 559 819 460 50 548 660 221 14
1 3 1 1 3 2 10 7
16 8 80
36 312 939 750 794 38 538 599 523 138 222
4 7 2 3 5 6 3 3
8 1 52
925 115 606 199 194 897 567 425 184 603 738
4 2 1 3 2 2 6 1
6 4 8
98 990 588 391 32 614 699 635 686 624 103
2 1 2 2 1 1 2 2
13 8 1
344 714 645 179 104 731 236 711 866 334 53
1 4 1 1 2 2 13 2
29 13 51
177 291 23 252 368 720 64 569 123 761 635
11 11 11 10 10 2 14 8
9 3 25
998 297 718 424 755 471 952 506 400 130 149
4 3 3 4 1 1 7 3
27 10 92
518 294 381 673 364 244 233 889 186 232 538
1 5 1 1 3 2 18 3
2 1 56
819 750 327 610 721 886 36 164 738 554 810
2 2 2 1 2 1 1 1
55 53 11
599 590 69 751 70 864 52 325 392 223 428
1 22 1 1 4 4 2 24
28 24 69
354 884 872 770 490 621 76 0 378 28 591
1 5 1 1 4 2 1 7
20 4 29
620 86 164 989 782 292 816 302 0 171 538
2 4 1 1 3 2 17 3
73 6 29
337 744 64 28 153 174 499 281 117 471 367
38 7 4 25 2 1 16 3
95 41 3
723 700 519 752 629 269 76 357 502 413 102
7 31 3 2 28 13 70 12
8 2 92
460 417 854 616 343 6 311 845 804 34 898
5 1 3 4 1 1 8 2
39 16 15
945 458 771 833 668 888 792 159 465 253 576
1 13 1 1 5 9 21 15
67 66 59
893 103 974 130 550 306 468 916 783 414 375
1 16 1 1 9 3 25 44
83 36 33
105 962 103 573 797 21 292 307 430 537 410
13 35 2 9 27 25 78 15
57 15 53
999 547 245 905 807 594 387 91 165 492 53
3 10 2 3 10 10 32 3
72 67 81
936 594 754 165 440 656 473 545 510 824 92
4 50 4 3 19 43 4 4
96 18 88
950 128 791 811 904 390 435 84 656 371 678
1 7 1 1 7 5 26 12
61 4 90
711 443 734 53 14 46 800 501 775 750 981
45 3 21 14 2 3 53 1
1 1 29
471 499 321 839 781 858 299 522 124 10 317
1 2 1 1 2 1 1 1
66 3 51
403 258 229 724 575 949 724 655 261 547 507
39 3 26 10 1 2 23 1
32 15 27
514 30 974 698 61 292 215 11 172 618 622
12 16 2 11 12 6 12 13
65 19 98
704 689 391 866 605 438 49 731 549 563 113
19 14 9 12 5 11 60 15
13 3 93
413 794 265 970 109 584 34 6 938 738 695
9 1 6 2 1 1 5 1
1 1 96
726 414 714 968 753 865 480 197 711 246 991
1 1 1 1 1 1 1 1
6 3 85
509 3 303 244 24 224 796 919 757 875 334
4 4 4 1 1 2 4 2
81 54 29
433 641 741 891 492 435 397 376 733 906 731
25 54 6 13 2 12 10 31
14 9 46
152 234 46 141 985 320 122 713 810 555 354
3 9 1 2 2 8 1 5
7 2 61
413 425 608 440 499 135 153 44 857 658 630
2 1 1 2 1 1 5 1
85 50 90
882 628 526 809 52 980 467 865 289 880 290
19 23 7 1 16 5 65 37
17 10 50
432 424 613 761 809 146 797 99 125 32 79
4 10 1 1 9 8 7 1
40 6 76
780 612 744 965 558 932 781 407 272 565 831
12 4 6 9 1 1 30 5
72 22 65
655 200 9 4 826 902 643 53 467 423 18
46 10 11 17 3 5 33 3
68 4 7
160 390 947 604 251 808 128 116 509 783 316
37 4 7 11 4 1 33 4
67 47 57
142 4 174 478 124 614 998 483 733 158 225
1 4 1 1 4 2 42 12
14 3 22
108 346 302 8 291 861 574 447 161 68 803
4 4 4 3 2 3 6 3
89 6 69
465 261 765 762 612 144 375 185 662 835 884
57 1 43 30 1 1 22 1
78 54 75
704 976 338 467 363 745 455 784 620 272 45
11 17 8 11 14 12 17 4
80 65 9
254 686 266 580 24 456 357 698 545 413 26
12 19 3 5 6 6 73 19
20 10 39
229 571 163 776 115 464 855 976 960 461 662
8 11 7 3 10 4 20 4
16 13 15
857 147 435 31 99 99 603 789 500 184 361
4 5 1 4 3 2 9 6
71 9 19
209 53 123 298 984 286 413 799 34 623 298
63 7 30 49 1 3 49 9
5 3 42
432 972 976 941 764 308 111 135 681 320 540
3 3 1 3 1 1 5 2
74 2 52
75 276 975 966 402 472 922 543 282 706 515
7 1 6 5 1 1 61 2
60 31 10
183 904 434 859 733 793 184 737 158 611 13
6 26 2 1 10 19 53 17
27 5 3
458 473 964 577 426 396 588 535 446 771 791
19 5 3 4 5 2 8 1
28 21 22
42 331 263 353 923 821 179 477 379 989 951
8 21 2 4 2 1 26 3
8 5 70
283 146 483 897 682 965 524 55 377 918 738
2 6 2 1 5 3 2 4
94 32 90
522 980 567 490 518 197 897 639 161 533 786
5 8 1 2 3 4 88 1
66 7 33
978 146 650 820 340 794 614 581 207 488 561
16 4 8 13 1 4 46 4
10 4 82
381 442 497 608 133 722 925 465 218 903 612
2 1 1 1 1 1 3 3
99 47 50
230 25 89 301 862 203 862 695 746 243 489
1 36 1 1 21 25 87 31
5 2 61
60 827 148 297 401 678 96 750 539 678 127
1 1 1 1 1 1 3 1
26 2 31
500 548 415 941 788 798 697 248 256 758 75
7 1 2 6 1 1 20 2
58 31 7
398 841 705 434 123 141 312 353 780 164 253
28 10 10 2 6 5 1 8
22 5 63
250 849 824 180 174 5 238 480 518 636 322
16 4 14 14 4 4 8 5
9 6 50
502 446 512 496 752 777 269 815 97 519 664
2 2 1 2 1 2 2 3
46 30 25
142 793 84 997 643 336 106 392 693 608 190
14 29 2 3 9 12 2 8
27 13 6
316 984 587 339 133 865 684 857 567 179 651
2 11 1 2 4 5 20 7
29 21 42
523 627 480 633 59 77 111 116 726 428 100
4 12 2 3 5 3 8 20
46 8 2
91 792 850 481 177 444 62 118 847 585 746
1 5 1 1 5 1 27 7
78 41 48
662 29 90 456 479 425 902 580 640 345 372
27 42 2 9 12 11 73 7
19 10 14
275 569 136 252 51 950 329 198 884 991 579
5 1 4 2 1 1 6 10
64 43 35
264 521 171 636 7 349 754 820 451 381 389
10 38 1 8 11 1 55 35
71 26 49
980 852 158 971 596 909 686 182 839 302 56
3 19 2 3 9 3 42 6
74 23 51
66 287 79 408 61 736 978 162 193 311 14
1 19 1 1 2 1 10 18
1 1 16
616 527 607 500 690 738 125 792 502 543 432
1 1 1 1 1 1 1 1
74 32 20
335 885 195 832 690 466 384 857 379 0 737
6 2 2 5 1 1 44 18
53 24 65
497 534 812 857 102 757 230 21 985 918 258
1 3 1 1 3 1 49 8
96 52 17
674 793 21 246 724 247 250 588 776 100 475
24 10 10 11 10 1 68 34
10 2 64
509 862 398 19 240 237 266 308 928 293 101
2 3 2 2 3 3 6 1
42 28 67
818 612 90 768 295 252 329 158 163 191 20
14 9 1 9 7 2 20 7
27 16 34
904 634 803 670 311 45 263 577 596 433 541
12 13 1 12 7 2 15 11
20 17 69
684 870 465 957 301 587 683 386 249 587 372
1 16 1 1 1 14 7 12
8 4 38
47 728 798 394 535 224 114 903 860 798 125
2 3 2 2 1 1 3 3
91 42 68
926 369 916 891 415 277 750 853 840 798 933
39 1 20 6 1 1 19 11
50 18 54
628 666 58 497 533 140 387 100 831 665 821
17 15 9 3 10 2 20 4
28 11 61
195 774 364 919 849 525 120 602 792 100 621
13 2 2 11 2 1 23 1
80 72 78
15 354 923 809 924 84 536 484 790 83 610
3 58 3 2 21 55 57 23
88 85 32
893 73 861 851 951 215 630 929 127 998 283
3 32 2 3 16 12 46 1
7 3 85
818 168 311 232 344 238 972 75 762 865 501
1 2 1 1 2 2 6 1
18 9 24
928 910 255 324 539 386 682 323 223 500 843
7 5 5 2 2 1 7 3
69 20 14
920 756 394 654 777 444 23 201 652 951 463
11 2 6 5 2 2 6 10
21 4 8
59 584 302 674 822 576 142 388 271 415 496
3 2 2 2 1 1 20 4
90 66 27
643 724 684 320 297 846 192 757 92 252 341
20 48 16 4 14 24 45 41
52 10 13
377 74 405 555 541 152 197 619 527 840 344
25 4 17 11 2 3 15 10
92 41 97
607 571 361 862 166 901 966 130 862 695 557
48 27 3 4 5 18 64 17
66 36 64
407 273 562 157 127 872 249 23 812 856 595
7 7 2 3 2 7 61 32
5 5 56
954 326 133 376 977 125 141 192 982 548 817
1 3 1 1 3 2 4 4
68 10 7
380 532 622 327 468 705 832 375 39 138 701
2 2 2 1 1 2 14 7
42 41 83
985 3 921 305 936 436 924 394 22 656 926
1 7 1 1 1 7 16 38
75 49 67
205 268 181 429 605 89 822 487 56 159 842
3 18 1 3 14 15 41 43
3 2 85
548 485 550 21 578 208 196 844 381 753 465
1 2 1 1 1 1 2 1
5 4 90
235 507 74 759 647 472 914 431 206 462 269
1 2 1 1 1 1 1 2
62 9 66
283 969 28 545 381 544 650 770 877 885 278
53 7 24 6 7 3 50 8
31 31 44
529 112 945 925 163 82 138 480 106 422 449
1 8 1 1 2 1 14 9
83 70 14
212 341 113 273 676 190 603 120 103 484 232
7 68 4 4 33 48 54 43
29 13 77
210 756 611 515 17 818 449 230 21 661 571
16 13 1 14 2 1 21 12
53 17 82
700 16 36 927 957 711 956 386 705 518 142
14 4 14 7 4 2 22 10
65 7 47
912 23 320 632 155 46 937 688 534 637 56
53 5 15 11 5 3 42 1
95 7 60
405 846 611 498 705 108 162 51 891 427 426
46 4 29 31 1 3 45 4
32 7 68
397 53 830 149 744 573 395 104 702 152 302
16 3 8 6 3 2 9 4
38 34 81
123 190 703 98 334 393 129 754 999 526 159
5 31 5 1 25 28 24 17
63 29 75
669 600 740 432 616 684 622 196 39 745 386
15 14 14 15 9 14 55 9
39 31 69
242 775 299 954 584 873 616 58 449 638 658
7 23 1 2 12 8 11 30
11 8 64
635 255 310 814 93 160 504 113 38 99 888
2 7 1 2 4 7 7 5
42 37 7
168 836 127 992 805 269 554 221 254 189 476
5 32 5 3 4 12 28 12
24 5 57
748 719 34 631 436 46 172 694 128 693 531
8 6 1 5 4 6 12 4
86 84 100
307 828 994 342 295 953 617 804 317 365 875
3 14 3 1 4 5 86 67
38 28 86
225 713 842 135 196 622 872 948 757 531 128
7 14 3 4 10 3 20 9
56 30 29
767 177 134 773 55 700 662 892 303 887 957
12 29 7 12 21 28 37 19
83 48 32
358 740 199 938 465 759 746 894 20 513 71
15 23 4 2 20 8 64 28
29 18 59
834 829 865 640 409 643 222 741 999 933 481
7 11 6 3 4 4 14 7
65 33 90
742 395 124 465 609 16 145 967 282 331 149
22 8 17 11 2 4 30 30
33 21 45
431 706 671 623 741 506 887 930 330 630 677
13 22 10 4 13 15 21 2
8 7 5
665 746 791 669 240 270 801 637 324 584 343
2 1 1 2 1 1 1 3
45 20 92
682 814 116 640 271 39 747 875 285 765 621
4 6 3 4 4 6 14 13
47 24 71
631 224 827 349 760 905 393 751 781 76 917
3 19 1 1 2 5 32 22
37 23 5
250 703 954 453 726 478 352 96 210 335 672
9 13 2 4 2 11 35 5
5 5 27
992 616 742 407 543 675 444 899 42 46 602
1 1 1 1 1 1 4 3
2 2 29
585 723 301 473 503 159 629 830 86 622 798
1 1 1 1 1 1 1 1
47 31 96
226 723 928 354 113 467 507 541 690 445 616
16 31 8 16 17 27 19 29
100 4 71
144 626 728 736 524 952 282 772 676 860 847
56 1 9 32 1 1 63 4
70 50 7
588 609 41 890 551 562 341 673 817 486 299
8 8 8 3 2 4 18 18
47 33 32
106 203 711 959 317 230 428 423 372 369 384
4 18 4 4 3 9 36 15
12 6 96
787 245 870 86 772 939 233 256 576 691 811
4 4 1 2 4 4 2 5
88 76 7
575 686 364 887 183 802 499 578 815 638 823
8 10 5 2 10 5 82 10
16 5 41
495 709 787 398 303 940 685 661 703 260 347
8 1 3 7 1 1 6 3
85 54 76
232 52 375 788 957 80 155 149 436 650 210
16 24 2 12 14 8 7 39
75 24 39
405 860 549 865 898 538 149 973 603 733 377
35 22 7 24 7 20 22 15
98 21 23
263 289 516 790 212 214 664 851 764 421 63
62 16 8 58 5 15 79 17
16 12 86
701 195 776 888 42 806 286 816 237 549 457
4 11 3 4 4 2 12 6
37 30 49
250 951 556 888 405 430 256 542 178 309 738
3 4 3 1 1 1 8 6
58 33 3
779 773 783 652 208 912 941 956 680 191 259
2 30 2 2 18 20 34 26
50 46 4
133 264 31 433 613 768 543 716 196 674 489
5 37 1 5 4 12 25 16
19 1 66
635 885 634 546 434 631 196 938 178 681 554
11 2 8 10 1 2 18 1
78 14 57
127 100 335 837 377 498 455 242 445 442 479
65 10 47 18 8 7 65 11
11 11 54
629 834 47 217 711 436 294 919 151 773 372
1 3 1 1 3 3 2 8
76 62 14
441 275 738 997 867 957 459 20 994 88 854
15 50 8 11 2 38 50 9
10 10 73
310 862 457 5 996 669 180 562 871 973 189
1 4 1 1 2 2 4 1
37 11 8
905 489 831 742 822 907 303 347 946 965 209
22 4 4 4 4 4 24 8
62 30 58
422 176 933 851 89 155 839 748 682 97 589
4 18 4 2 8 7 16 13
72 32 80
229 956 639 700 604 468 713 861 619 135 37
14 18 5 14 11 3 55 28
68 24 60
931 84 666 393 156 478 65 687 614 294 643
11 22 11 10 7 1 5 12
51 18 50
680 360 769 259 454 748 426 414 567 709 498
16 7 15 9 1 2 37 5
89 49 84
287 708 572 100 104 472 302 405 710 334 766
3 44 3 3 29 43 64 22
86 73 34
843 797 352 537 827 518 577 462 679 217 522
14 36 11 14 16 1 13 56
51 25 22
370 253 623 357 753 704 194 838 241 37 987
22 1 1 5 1 1 21 22
51 16 51
128 878 713 512 720 370 14 393 973 385 647
29 16 2 22 1 7 37 14
26 15 92
391 655 460 19 502 533 521 953 275 1 183
1 11 1 1 9 1 5 10
44 12 85
695 989 703 285 235 733 862 427 337 253 434
24 9 2 11 7 9 38 12
74 64 50
976 711 301 624 99 271 568 84 334 615 425
2 37 2 2 25 5 57 42
23 7 62
811 995 843 701 304 46 126 305 115 102 368
7 8 2 5 8 1 5 6
82 22 17
342 239 631 782 403 0 657 716 345 468 711
30 15 28 27 14 5 50 16
93 37 71
212 509 829 468 883 443 150 351 311 844 942
14 36 12 11 21 18 18 19
25 25 33
491 118 923 515 172 26 260 642 208 824 151
1 14 1 1 8 1 23 17
82 79 90
378 435 254 440 427 7 564 959 633 408 429
1 44 1 1 4 16 63 3
48 22 84
134 420 152 872 267 143 905 409 114 284 844
14 21 2 10 12 18 42 5
13 2 70
613 556 859 209 50 571 956 286 576 90 706
1 1 1 1 1 1 12 1
32 21 59
554 138 924 137 499 973 149 120 649 762 676
5 16 3 1 8 6 9 2
24 21 90
748 665 256 835 707 464 766 117 396 320 255
1 14 1 1 1 4 23 6
52 41 56
630 235 676 995 595 45 418 36 81 519 53
10 41 1 4 34 6 30 10
34 5 23
240 219 912 467 514 985 370 669 382 1 256
11 5 11 4 5 1 4 4
94 93 79
54 84 816 932 985 960 417 559 914 657 779
2 63 2 1 16 39 21 48
23 20 9
125 116 667 365 5 657 659 935 353 65 371
2 4 2 1 3 1 20 17
100 53 28
44 92 99 710 342 299 984 651 200 462 119
20 12 17 18 11 12 31 18
84 41 53
492 586 723 760 334 499 160 262 103 556 706
32 38 25 7 2 4 47 9
71 3 75
646 503 491 410 733 747 545 837 703 37 775
55 2 46 43 2 1 42 1
31 19 37
478 790 144 530 845 914 52 471 215 699 974
13 2 9 9 1 2 1 5
73 2 88
134 917 558 858 298 128 288 586 669 119 376
22 1 8 10 1 1 45 1
71 64 6
430 510 571 679 371 318 703 659 215 838 576
6 2 1 2 2 1 43 49
41 23 40
466 871 862 862 869 319 233 574 884 663 85
6 7 5 1 7 5 3 6
96 85 67
621 71 621 785 345 429 678 137 238 144 8
9 45 7 9 17 23 81 17
90 1 17
345 942 698 813 636 285 560 454 569 182 878
13 2 13 9 2 1 80 1
21 7 63
598 785 147 402 441 754 291 257 406 988 552
12 2 9 11 1 1 2 2
73 3 7
448 529 917 160 739 410 233 753 614 831 538
24 2 5 13 1 2 59 3
46 13 36
385 529 732 732 544 980 956 102 899 404 632
5 2 4 3 1 1 44 12
19 17 8
402 527 146 344 506 362 189 941 732 927 822
1 6 1 1 4 2 9 5
6 4 65
880 443 143 60 989 828 778 296 98 181 176
3 3 1 1 1 1 4 2
98 93 12
867 360 324 40 760 48 845 624 689 77 420
5 16 5 3 5 10 9 45
34 17 7
915 664 96 890 59 794 39 271 502 907 983
11 10 6 7 6 8 14 5
40 1 100
900 111 628 958 221 429 543 927 107 459 944
36 2 32 34 2 1 37 1
10 8 83
352 609 92 72 876 667 563 976 379 464 439
2 8 2 1 6 5 8 1
37 29 55
944 856 923 570 412 923 532 146 870 236 107
2 21 1 1 13 10 27 15
4 3 21
116 860 779 409 459 908 997 613 738 941 821
2 1 2 1 1 1 3 2
92 34 74
527 807 221 839 520 909 295 592 723 411 804
37 1 23 19 1 1 73 8
99 18 62
636 97 723 720 256 60 911 729 705 791 889
15 11 10 3 2 5 92 16
59 15 65
422 527 31 651 27 143 349 541 470 337 638
37 2 37 25 2 1 12 13
66 7 42
626 480 372 332 742 413 491 858 274 265 737
7 5 3 2 3 4 14 2
49 19 70
543 775 333 871 790 797 88 83 892 714 563
21 20 3 2 11 17 9 13
54 30 10
370 410 688 380 34 995 29 203 8 572 331
19 19 6 11 9 12 6 20
73 44 4
130 732 590 998 387 745 603 997 168 326 759
30 27 26 15 10 16 8 12
33 15 11
505 453 689 414 540 991 887 243 691 369 327
2 16 1 2 11 8 3 9
24 4 10
968 313 442 669 230 454 701 840 260 559 645
8 1 2 6 1 1 1 2
8 5 67
821 998 327 885 898 327 60 7 34 28 672
2 1 1 2 1 1 8 3
40 29 46
924 138 552 704 123 838 163 741 842 985 739
6 3 2 4 2 1 36 15
70 53 17
571 699 816 666 595 830 757 792 170 682 931
8 23 7 2 5 13 8 15
40 22 82
228 182 95 225 417 757 894 834 822 817 885
12 1 1 5 1 1 24 20
9 3 71
666 35 971 165 494 562 756 475 375 337 657
6 3 4 3 2 3 4 1
51 33 93
35 564 758 12 259 385 272 29 454 290 416
15 16 14 9 5 11 37 32
1 1 87
527 766 975 492 520 952 694 264 117 729 829
1 2 1 1 2 1 1 1
39 8 94
853 833 731 944 549 984 44 88 151 923 206
15 4 13 1 2 4 23 8
73 27 24
613 36 354 435 455 361 25 300 176 879 133
26 28 18 18 4 20 14 20
82 58 73
760 655 722 752 203 617 276 978 254 241 366
11 10 5 10 5 2 1 42
8 5 58
642 1 31 469 747 525 150 620 138 911 627
1 2 1 1 2 1 5 4
28 2 97
348 717 967 470 567 604 77 677 64 71 30
9 3 4 6 1 3 3 2
77 11 76
558 505 964 719 941 849 246 689 762 594 406
10 9 7 7 1 6 30 6
34 11 99
162 523 499 912 337 804 640 12 477 199 869
18 7 13 5 5 5 11 9
11 2 39
936 525 372 939 628 289 324 826 97 486 701
9 3 6 1 2 2 7 1
26 17 76
787 369 24 639 125 486 249 316 13 537 841
9 15 8 6 13 3 15 6
2 2 26
92 530 484 495 464 426 120 191 286 260 560
1 3 1 1 1 1 1 2
95 33 53
15 631 721 663 107 63 716 884 804 808 414
5 20 4 2 9 10 43 21
82 44 15
19 515 843 724 29 232 271 633 801 286 264
13 37 6 5 5 17 59 30
75 59 35
253 153 961 674 505 701 8 872 692 379 387
10 44 7 10 27 34 73 22
18 9 47
740 435 36 700 529 213 75 616 46 680 769
10 7 5 1 4 3 9 7
86 72 40
653 758 275 54 382 640 71 528 307 164 964
9 34 1 2 34 28 52 60
83 26 67
209 79 96 707 183 542 593 823 91 598 933
11 15 1 7 15 2 10 19
13 2 62
710 269 748 523 928 72 106 595 454 667 26
11 2 3 4 2 1 1 1
71 47 55
338 613 647 886 279 240 751 992 697 461 261
21 9 19 14 4 7 28 7
16 13 27
724 22 507 461 910 425 483 164 348 821 129
1 4 1 1 3 1 6 4
14 7 83
555 952 754 44 627 216 559 205 404 636 228
8 2 3 2 1 1 14 7
84 73 38
543 677 975 295 314 598 308 749 910 216 701
10 61 9 4 16 25 62 13
15 10 1
252 589 541 906 979 646 689 68 810 232 98
4 3 1 1 2 1 7 6
15 4 64
895 248 892 781 885 52 895 138 13 147 727
3 1 1 2 1 1 3 3
26 6 49
989 884 96 503 882 852 717 898 572 612 146
13 5 12 12 1 3 26 2
2 1 88
660 339 638 787 701 668 12 201 577 353 85
1 1 1 1 1 1 1 1
17 14 67
452 486 276 974 367 416 576 506 960 236 845
4 6 3 4 2 3 10 11
38 22 24
857 101 227 427 903 117 496 169 753 948 655
15 11 15 4 11 5 29 12
78 33 62
975 33 553 75 582 997 613 157 298 822 258
16 29 2 12 26 10 45 17
42 18 83
767 632 524 647 743 315 76 156 129 403 541
10 19 4 3 4 12 21 3
91 20 9
403 203 670 789 303 69 830 138 742 597 770
20 21 6 15 10 7 53 9
64 4 51
39 834 55 671 517 25 562 725 246 317 280
13 5 3 6 5 4 25 4
45 26 4
709 337 860 83 105 640 999 556 899 390 742
7 2 2 3 2 1 35 22
69 38 99
552 887 393 977 671 632 821 74 820 883 764
1 17 1 1 10 17 5 14
21 3 30
131 560 96 820 490 741 788 40 845 692 279
11 3 11 11 1 1 14 1
94 10 80
363 451 714 492 374 774 364 603 895 496 516
32 9 23 22 5 4 31 2
82 26 74
684 801 14 414 548 93 259 328 138 974 779
2 25 1 1 7 12 26 8
78 24 18
687 302 156 437 584 657 171 810 180 855 611
45 22 15 20 16 4 8 8
20 15 35
477 312 858 938 538 537 268 755 237 955 409
6 10 6 3 9 6 3 4
67 57 29
278 768 330 117 897 537 736 583 564 213 896
11 47 8 5 41 43 43 11
51 51 46
295 399 444 803 981 920 921 462 17 199 582
1 2 1 1 2 2 1 44
64 4 27
449 238 247 342 490 326 644 136 855 291 535
58 5 2 10 2 4 21 4
66 21 40
96 228 290 863 380 261 526 307 736 327 897
26 14 12 16 14 6 37 17
64 60 21
984 91 67 667 32 635 284 671 519 732 899
2 5 1 1 5 5 63 23
89 34 46
927 859 489 155 727 94 270 247 145 254 691
38 24 34 21 22 11 64 34
47 34 34
630 655 64 569 518 218 109 363 41 36 222
13 19 1 6 14 15 27 24
93 91 92
667 591 601 414 662 595 412 247 184 42 255
1 52 1 1 13 41 21 3
12 1 95
365 423 817 618 249 237 211 640 281 230 583
8 1 6 7 1 1 11 1
1 1 16
225 785 485 713 349 946 424 796 950 141 219
1 1 1 1 1 1 1 1
44 27 74
640 703 606 837 717 57 937 684 470 162 470
13 9 3 2 1 2 41 23
39 16 72
358 680 229 170 318 134 565 543 332 206 246
20 5 16 9 4 1 9 16
23 8 75
993 28 728 961 232 874 499 556 132 210 236
2 2 1 2 1 2 16 1
48 28 24
362 171 584 362 341 784 184 468 859 178 496
11 27 9 2 17 26 26 5
74 58 11
131 858 935 932 390 791 979 213 42 341 384
13 17 4 8 7 3 59 13
43 20 67
123 431 956 760 729 860 985 91 497 116 949
17 6 4 13 4 1 27 1
89 14 98
366 712 17 911 686 787 305 952 401 428 736
34 1 16 18 1 1 25 12
59 18 100
197 75 420 102 693 493 390 290 269 108 2
3 10 1 3 6 6 33 9
82 39 85
898 753 172 806 820 517 664 320 911 214 395
20 37 9 17 15 36 33 2
85 30 33
124 158 216 821 985 322 254 521 321 504 275
38 1 4 7 1 1 14 22
15 10 58
954 133 268 36 579 787 120 664 326 597 822
1 10 1 1 6 2 11 10
57 34 84
404 745 520 523 19 61 390 328 623 696 461
4 19 2 3 16 1 12 19
80 54 3
39 171 950 721 61 479 29 796 672 433 542
18 35 8 16 10 7 21 50
55 16 72
447 501 334 504 209 488 736 812 61 775 983
12 16 2 12 15 2 13 16
88 13 12
352 368 23 945 949 771 0 772 251 447 274
62 3 34 51 1 3 32 2
36 33 4
732 398 894 925 265 909 365 676 234 717 396
2 14 2 1 14 9 13 13
45 27 22
931 699 806 931 891 622 266 446 638 350 844
17 4 8 10 1 2 43 27
86 66 38
231 17 740 701 1 202 445 275 969 376 326
20 63 10 10 59 56 22 16
12 12 24
672 417 951 161 796 13 47 433 90 630 803
1 3 1 1 1 3 3 1
59 19 34
327 583 793 695 674 421 906 298 380 931 67
7 13 6 2 10 11 2 16
1 1 71
256 707 580 40 413 437 150 246 601 829 181
1 1 1 1 1 1 1 1
74 63 32
436 928 298 85 67 771 537 389 224 794 96
9 43 4 6 36 4 3 50
42 11 94
849 812 473 355 712 187 280 943 345 69 223
20 11 3 8 6 4 30 3
29 24 100
990 445 360 450 991 525 91 636 567 293 449
3 1 1 3 1 1 3 23
32 17 73
673 39 548 57 382 386 186 234 410 528 679
11 9 8 7 3 5 8 1
61 7 9
621 187 996 77 816 698 460 89 554 133 480
46 8 4 26 2 2 6 4
81 75 27
854 726 656 865 942 371 325 550 438 946 89
7 16 3 4 4 4 46 49
28 13 46
42 39 297 843 995 554 675 721 493 530 800
6 8 5 3 2 5 27 9
86 74 97
343 932 286 690 323 959 870 168 175 912 207
5 59 3 4 14 23 58 54
77 9 74
170 597 134 166 260 857 603 708 956 299 993
61 2 27 39 2 1 5 5
45 30 55
598 285 367 226 156 33 654 881 446 176 831
5 29 4 5 15 3 27 28
97 8 42
812 895 502 649 977 978 45 532 914 995 817
2 5 2 1 4 3 8 6
91 76 45
833 834 749 336 932 698 833 273 637 997 168
12 9 3 2 4 4 35 4
48 22 17
172 35 193 731 147 950 121 192 754 306 378
22 11 5 17 10 10 16 16
52 37 35
249 503 867 279 238 258 478 606 223 3 641
10 27 2 2 4 17 50 11
12 10 30
21 883 985 956 426 811 59 460 283 309 315
2 6 2 2 2 6 5 3
6 1 54
646 825 716 331 650 583 394 331 92 415 566
3 2 2 2 1 1 1 1
20 13 79
24 139 451 888 476 225 393 229 733 391 406
3 3 3 1 1 1 10 2
60 7 60
651 852 740 456 80 832 575 811 216 952 950
12 1 11 9 1 1 18 6
67 13 80
175 516 518 268 346 401 927 957 359 578 810
55 7 53 29 4 6 54 8
57 4 23
782 466 691 142 796 19 909 927 69 84 444
32 3 15 5 3 2 31 3
62 49 3
504 786 910 557 989 176 913 212 634 48 30
12 41 3 1 20 11 14 34
3 3 5
44 396 872 495 447 434 757 950 382 261 88
1 3 1 1 2 1 3 3
25 2 38
554 534 478 12 651 366 266 356 958 662 104
23 3 23 5 3 1 4 1
43 33 49
371 873 486 365 33 970 741 871 349 295 757
11 15 5 6 7 2 42 15
22 16 91
125 358 366 979 61 246 921 761 296 644 987
7 4 4 7 3 4 7 15
1 1 34
409 178 336 525 386 277 98 776 376 223 134
1 1 1 1 1 1 1 1
97 62 21
669 877 584 912 332 334 913 965 96 674 496
21 11 9 21 9 9 11 56
45 14 86
692 225 255 354 862 375 2 634 209 23 512
26 12 13 6 6 2 3 6
10 9 12
243 773 780 901 564 6 398 449 786 90 26
2 7 2 2 1 5 9 8
40 23 24
935 954 15 801 233 242 810 944 21 54 718
8 12 3 8 2 8 26 4
62 23 88
702 756 447 578 86 622 669 209 436 957 515
13 23 1 5 9 1 26 18
15 8 70
748 28 339 183 974 487 997 313 784 699 421
8 4 4 6 4 1 10 1
84 67 47
683 492 286 727 560 261 842 429 895 590 809
5 23 4 5 1 6 7 49
70 15 94
376 351 103 444 697 63 27 495 429 62 987
44 7 20 9 2 2 6 10
39 9 63
273 236 527 722 446 702 591 591 506 320 942
31 5 22 20 5 2 32 6
75 72 73
373 201 980 54 128 907 544 290 959 169 526
4 55 1 2 11 19 23 20
11 8 61
554 736 767 40 541 974 866 413 322 592 966
4 5 4 3 3 1 1 8
65 11 61
940 901 142 208 948 649 771 660 272 325 396
21 6 4 6 5 4 39 4
70 35 44
116 905 716 854 427 427 470 787 382 762 41
21 8 1 5 7 3 69 32
99 67 91
688 556 424 743 596 600 764 940 126 881 845
19 40 6 5 38 5 70 31
6 5 82
146 406 88 148 204 859 899 746 700 939 302
1 5 1 1 4 2 6 2
37 30 99
13 20 675 777 24 995 582 905 989 80 664
7 15 3 7 11 13 1 30
70 64 67
520 895 603 711 450 635 100 200 753 113 220
7 11 3 5 1 7 38 41
19 15 96
739 485 317 706 474 88 975 292 893 848 187
3 16 3 1 12 7 14 3
64 7 67
360 794 190 214 912 447 733 459 932 472 944
5 3 2 1 1 2 9 4
4 2 82
593 565 276 135 802 49 898 821 415 610 967
2 1 2 2 1 1 2 1
36 33 92
406 982 121 470 566 827 73 999 92 18 564
1 6 1 1 5 6 22 4
8 8 96
386 900 805 77 589 539 713 881 803 471 863
1 2 1 1 1 1 5 1
45 11 17
62 686 646 954 223 364 461 718 908 199 970
24 6 8 14 3 5 44 5
56 28 86
436 789 473 568 985 210 912 902 100 327 940
1 8 1 1 7 2 51 14
56 43 89
114 393 616 907 153 430 562 839 889 351 980
5 24 4 3 17 13 9 32
13 5 75
27 289 238 964 11 883 519 799 806 985 544
1 1 1 1 1 1 13 4
22 8 9
539 732 613 111 109 476 975 583 972 354 872
3 9 3 2 1 2 3 8
33 31 27
982 231 874 223 324 384 444 484 814 984 217
1 16 1 1 8 6 22 4
35 22 44
370 941 285 109 545 108 393 571 528 375 802
13 15 2 12 6 9 2 10
33 16 81
858 988 601 768 217 731 254 712 827 976 653
15 6 4 9 6 2 9 7
77 48 56
755 994 904 70 947 635 603 328 813 461 316
28 5 22 27 3 5 57 4
3 1 42
152 66 432 626 167 638 902 375 147 9 369
3 2 2 3 1 2 1 1
14 10 72
551 821 969 500 850 484 455 991 85 959 58
3 9 3 2 8 7 12 9
23 11 60
991 449 666 636 653 866 301 976 648 204 797
3 10 1 3 3 2 11 9
50 10 61
978 620 248 931 628 449 605 39 729 596 488
34 10 17 13 8 9 15 3
69 53 36
267 740 659 258 983 482 659 96 243 638 716
8 48 1 6 39 40 61 23
25 9 70
718 735 295 836 349 737 456 284 236 724 377
17 3 4 14 1 2 1 8
26 10 70
573 462 431 309 484 257 885 606 315 603 693
5 9 4 3 1 4 23 3
57 25 89
769 322 300 577 647 284 454 817 189 28 279
26 8 9 6 7 3 8 3
68 53 60
162 263 216 194 903 188 602 143 847 371 465
12 4 2 5 4 3 18 22
14 13 99
381 879 750 455 776 279 575 987 248 89 250
1 4 1 1 3 2 11 4
15 13 4
579 839 370 861 165 857 775 815 34 156 694
1 1 1 1 1 1 15 2
12 1 33
269 189 854 918 393 815 32 449 78 612 288
1 2 1 1 1 1 12 1
68 6 29
489 596 316 651 612 648 414 444 264 683 634
25 6 5 10 5 3 1 1
18 16 13
922 469 80 895 513 541 562 693 966 403 289
1 7 1 1 3 5 14 9
84 71 18
63 951 148 891 315 450 360 479 929 635 301
12 19 11 7 5 16 57 35
1 1 3
753 137 779 802 684 987 486 53 149 901 357
1 1 1 1 1 1 1 1
58 51 91
323 293 818 182 513 17 34 16 623 139 505
3 6 2 1 6 1 16 26
52 2 46
976 48 34 832 429 526 989 172 900 312 817
39 2 39 29 1 1 32 2
4 1 66
744 559 444 339 507 476 642 752 5 970 152
4 1 3 2 1 1 2 1
24 22 36
253 271 181 952 982 552 507 447 217 252 359
3 23 3 2 10 23 16 13
23 10 39
56 156 854 162 973 309 437 861 611 43 132
7 3 3 2 2 2 22 9
25 2 28
842 768 339 164 615 247 639 206 309 47 362
12 1 4 6 1 1 10 1
33 12 81
498 277 596 764 543 54 740 822 808 935 591
14 13 9 1 4 13 9 3
79 76 72
518 396 403 66 832 798 451 412 539 949 690
4 59 2 3 38 6 45 42
4 1 50
261 947 987 378 706 477 208 277 881 726 25
1 2 1 1 1 1 3 1
13 10 62
249 3 769 9 353 214 712 554 758 326 853
2 2 1 1 1 2 9 2
16 1 45
72 878 84 694 204 981 6 666 944 256 21
10 2 8 10 1 2 7 1
36 13 88
695 414 976 884 221 319 451 17 807 524 248
12 1 9 6 1 1 18 6
45 43 88
571 218 484 204 608 140 339 448 852 386 862
1 44 1 1 31 14 26 10
2 2 4
505 480 98 328 2 635 172 589 437 743 159
1 2 1 1 2 1 2 2
83 57 53
569 4 427 374 664 377 427 920 898 933 400
2 20 1 2 6 4 48 21
56 20 96
975 461 818 895 80 548 677 584 900 598 589
1 1 1 1 1 1 44 6
79 54 53
680 935 83 376 708 963 231 755 143 206 569
4 39 2 2 27 4 56 13
76 2 42
780 498 806 306 454 491 584 406 790 616 693
74 1 17 42 1 1 61 2
31 20 50
432 563 68 18 677 149 545 470 554 325 969
9 11 5 8 3 6 21 9
27 14 68
980 56 808 194 740 941 976 90 880 408 5
1 14 1 1 6 3 10 12
74 9 17
896 568 256 77 562 496 656 782 728 988 838
63 3 35 7 2 2 65 7
31 3 11
412 812 725 916 168 78 742 884 415 638 805
28 1 24 16 1 1 27 2
93 89 37
975 318 758 700 380 677 430 390 79 194 202
1 73 1 1 26 18 66 86
13 2 74
483 544 339 985 792 51 677 280 650 4 598
1 2 1 1 1 1 12 1
76 11 23
997 558 995 604 560 190 368 234 805 852 778
21 10 21 8 7 5 47 1
53 23 7
130 44 60 203 562 388 478 236 530 475 146
25 17 8 20 3 16 19 14
24 10 21
346 268 411 252 818 281 405 424 207 887 821
5 11 1 5 1 10 3 7
71 42 20
529 891 980 822 467 985 245 188 178 943 808
1 39 1 1 27 31 64 17
24 20 55
310 114 851 634 356 247 456 827 75 985 718
2 19 1 2 5 19 12 9
87 48 14
512 89 497 266 224 689 842 978 620 152 92
33 30 19 26 15 29 43 4
47 45 56
884 948 143 962 871 491 848 737 387 712 826
3 16 2 1 6 13 25 34
74 59 23
273 793 58 901 940 638 600 847 376 484 147
16 60 4 11 48 29 8 35
35 22 38
336 263 512 716 513 837 189 235 301 815 28
3 16 3 1 13 1 2 12
69 39 99
687 960 951 147 62 663 81 399 706 769 14
24 38 8 17 36 19 2 38
44 43 70
464 419 931 984 146 84 652 96 388 691 56
2 23 1 2 17 11 26 7
85 39 85
764 392 257 878 101 451 21 523 65 485 942
35 31 1 26 25 4 56 10
46 21 13
63 571 276 285 984 668 170 968 898 286 712
2 11 1 1 6 1 31 17
84 58 21
424 453 968 312 625 134 257 489 138 673 60
14 43 6 14 5 40 78 13
79 76 42
244 151 469 933 527 140 268 548 986 692 353
3 15 3 2 2 6 7 72
81 70 46
277 132 134 995 817 253 425 10 536 21 162
6 36 4 2 35 2 32 40
95 72 38
625 877 294 445 456 286 325 153 588 955 637
11 67 4 8 3 28 44 21
32 7 69
372 366 628 314 201 247 608 991 223 233 868
3 7 1 3 7 7 1 6
71 52 71
977 498 340 146 361 88 829 230 142 201 948
11 48 3 7 13 37 5 10
62 43 64
389 619 96 571 715 759 741 886 724 70 384
5 1 3 3 1 1 49 29
28 11 17
129 434 942 621 380 652 334 843 744 724 815
13 8 10 8 5 1 20 3
5 2 92
602 243 129 281 889 80 909 657 898 38 444
2 2 1 2 1 2 5 1
83 63 82
365 84 457 133 111 268 638 202 0 592 445
15 18 2 4 9 2 62 37
88 81 5
963 849 882 631 790 952 465 923 21 182 7
7 17 2 5 13 10 12 29
18 4 33
155 845 906 851 8 430 638 13 614 602 214
9 1 6 1 1 1 2 2
41 2 53
110 751 263 783 202 513 252 486 636 760 683
15 3 7 1 1 1 33 2
24 21 41
980 292 895 612 466 184 604 118 789 715 869
1 9 1 1 3 6 2 21
45 41 53
987 829 779 396 472 334 19 964 827 351 257
5 26 4 4 9 22 23 8
63 28 4
837 720 291 98 977 858 42 481 35 381 662
15 15 6 15 12 15 8 20
57 54 3
431 660 735 624 59 722 38 862 911 875 934
3 14 3 2 4 8 32 24
8 7 63
542 763 675 994 91 526 350 493 341 134 153
1 7 1 1 7 4 6 1
9 7 17
624 28 717 369 828 818 128 443 345 671 206
1 2 1 1 2 2 2 5
98 77 69
861 171 761 288 232 785 648 200 135 272 581
2 36 2 2 15 13 29 68
12 3 93
61 343 881 204 935 735 853 603 347 67 774
1 4 1 1 4 4 10 1
93 60 87
254 609 95 458 330 240 221 422 402 282 765
13 4 13 2 1 1 8 44
83 73 79
493 775 526 405 508 506 897 94 479 151 56
11 23 6 7 15 4 42 11
79 49 59
978 929 53 986 999 517 121 177 687 966 304
9 22 2 1 14 8 8 48
16 15 83
53 701 270 214 975 88 492 533 97 822 462
1 2 1 1 1 1 12 1
96 93 25
460 48 945 719 303 421 387 837 508 440 538
3 7 1 2 3 4 28 35
15 7 22
675 893 820 18 952 420 665 928 744 125 328
7 5 5 2 4 3 4 6
12 7 6
577 727 233 328 746 906 542 619 92 570 864
1 5 1 1 4 5 2 5
78 57 75
113 637 158 285 312 534 348 469 916 277 196
10 49 5 8 39 46 70 19
31 31 16
299 152 911 748 933 641 877 459 216 990 449
1 21 1 1 11 5 22 29
28 1 79
74 85 8 340 937 79 470 404 737 121 556
22 2 6 7 2 2 19 1
51 18 37
863 196 342 94 725 244 874 403 104 948 840
19 18 15 10 15 13 30 7
91 11 35
284 276 200 585 487 290 687 775 7 550 324
67 10 35 19 2 5 64 10
45 45 67
774 409 569 660 42 801 102 676 903 386 305
1 2 1 1 1 2 1 12
44 39 7
644 752 77 448 153 248 445 371 707 219 781
1 32 1 1 22 13 22 8
10 4 41
653 238 54 924 695 615 168 501 173 164 253
1 4 1 1 3 3 10 2
64 29 90
439 319 193 995 4 265 504 497 661 509 735
36 14 7 35 14 10 48 19
90 84 10
648 11 141 130 920 122 746 161 982 185 481
6 8 4 2 5 7 17 42
22 7 74
555 555 636 839 762 106 728 571 189 728 582
3 3 1 3 2 3 5 7
49 16 66
686 162 61 372 968 958 146 193 641 701 748
30 10 13 14 1 4 32 13
16 16 7
221 410 163 237 548 657 85 565 330 123 728
1 7 1 1 1 3 8 16
43 10 73
557 707 912 990 631 261 358 237 820 579 999
18 8 8 11 7 2 25 2
46 32 72
945 473 275 539 169 675 882 493 967 439 553
2 6 1 1 6 1 39 16
74 54 53
321 696 197 786 371 279 683 142 560 628 968
14 24 6 8 19 15 29 2
88 23 66
72 610 466 198 274 889 971 978 480 292 675
35 23 4 2 8 19 30 20
14 3 62
702 976 664 388 862 857 276 628 831 700 238
2 3 1 1 2 1 4 1
19 18 2
916 62 762 161 635 504 374 749 118 76 77
1 7 1 1 7 6 8 12
7 5 25
670 362 912 865 85 778 383 486 75 652 900
2 6 1 2 1 6 1 2
15 4 46
6 584 878 574 758 23 732 582 66 755 297
8 1 7 6 1 1 7 1
22 2 26
9 418 713 998 581 330 713 526 115 71 462
3 2 1 1 1 2 19 2
1 1 20
483 580 814 704 469 822 825 194 347 835 965
1 2 1 1 1 2 1 1
88 49 57
108 926 698 264 714 536 716 185 994 199 117
9 6 4 2 4 2 10 36
51 20 91
348 485 704 773 696 26 661 252 346 121 530
29 21 18 4 1 16 46 14
52 26 35
189 68 694 674 398 314 124 140 119 473 626
25 10 25 2 10 7 40 4
10 1 45
53 228 924 187 155 930 438 241 191 627 310
6 1 5 4 1 1 9 1
79 69 95
852 695 461 131 595 194 940 891 665 345 119
4 15 3 4 13 14 59 60
31 14 100
590 498 382 790 169 986 321 15 188 525 62
6 2 6 3 1 1 5 3
73 28 3
998 26 205 218 88 507 748 388 463 338 238
32 10 16 8 5 5 28 28
38 7 74
846 569 636 747 782 634 119 584 165 469 610
11 1 2 3 1 1 15 2
82 69 90
141 425 762 267 148 793 456 873 481 303 442
13 3 13 10 3 3 24 24
24 7 92
174 572 467 317 264 594 699 506 554 192 283
3 4 2 2 1 2 8 4
100 74 66
676 221 846 837 843 540 960 186 571 135 759
3 55 2 2 14 2 91 52
17 2 11
300 723 127 957 370 50 408 135 375 84 357
6 1 3 4 1 1 9 2
98 4 75
521 410 381 754 652 428 271 562 639 923 638
87 1 73 27 1 1 94 2
6 5 65
757 878 232 143 914 305 993 989 831 514 751
1 1 1 1 1 1 5 2
57 9 51
317 567 39 813 110 116 18 227 466 775 457
25 1 24 7 1 1 18 5
17 11 52
220 744 345 538 728 512 847 478 910 164 397
5 10 4 3 8 8 7 2
97 84 40
619 995 360 684 535 841 500 638 943 720 734
4 51 3 2 14 8 87 50
39 29 66
198 134 1 637 370 475 533 9 572 505 357
6 20 1 4 2 3 1 9
18 16 59
431 511 533 724 574 858 415 939 513 965 74
3 14 1 2 13 13 3 2
16 7 51
759 675 575 993 744 688 962 102 764 394 613
10 7 9 8 5 7 5 2
54 3 40
702 581 294 860 199 640 375 749 174 486 424
23 4 11 22 3 4 9 2
38 7 56
777 63 192 256 787 43 162 26 849 864 959
24 5 15 8 2 3 1 1
33 16 13
853 554 562 476 461 102 65 16 761 842 431
6 15 2 1 4 3 17 6
58 34 41
715 476 356 623 434 645 307 198 765 512 752
6 14 2 1 5 5 14 21
66 58 1
936 900 664 886 97 493 443 790 398 510 266
9 5 3 3 3 1 38 51
55 48 2
920 35 403 854 931 651 571 483 703 860 384
8 45 2 6 35 19 45 28
42 2 67
293 469 329 895 338 986 250 239 983 170 275
25 2 9 15 2 2 3 2
26 4 61
259 673 742 234 932 794 476 650 331 769 120
22 1 19 9 1 1 16 2
78 54 72
235 813 760 628 905 568 406 717 121 665 742
17 2 13 17 2 2 26 32
98 89 6
608 408 133 10 93 922 687 165 735 274 330
6 53 2 6 35 39 60 60
100 78 54
426 115 656 104 808 505 253 865 371 213 273
16 16 16 3 7 13 14 69
67 29 10
153 424 99 810 961 777 210 714 706 636 829
33 11 15 19 2 7 49 26
33 29 49
551 874 45 787 388 582 353 749 373 859 525
5 10 3 4 10 4 28 20
36 21 27
76 946 306 283 889 866 468 337 1 371 564
15 2 5 4 1 2 26 15
31 13 27
417 779 976 323 791 844 58 869 157 486 815
16 5 1 10 1 2 18 9
11 1 82
966 709 337 371 63 764 301 241 509 71 372
8 1 4 3 1 1 2 1
52 5 56
608 688 354 354 371 316 16 804 788 982 513
14 4 11 13 3 2 40 5
95 81 42
409 976 331 794 519 974 697 174 738 305 863
14 40 1 8 28 31 95 49
56 19 80
184 973 425 705 428 854 599 722 30 361 50
28 8 14 24 5 1 11 3
12 10 20
249 280 253 639 829 614 246 560 681 782 885
3 5 2 1 5 4 7 1
39 18 57
359 391 864 455 817 726 118 336 599 367 616
17 17 15 10 4 12 13 16
49 3 11
614 622 19 2 965 171 792 21 831 503 764
20 4 15 14 2 3 24 1
92 20 78
741 396 760 803 248 852 751 558 431 365 532
46 8 2 33 8 7 42 8
88 71 57
273 329 755 895 53 904 838 982 60 579 730
11 32 8 7 31 9 33 55
22 16 59
270 936 139 493 445 506 480 1 184 105 682
4 10 1 1 2 1 21 11
2 2 29
131 805 344 372 261 900 145 871 823 767 808
1 2 1 1 1 2 1 2
42 13 49
729 844 741 152 452 863 305 232 73 436 37
28 13 7 2 6 10 11 11
83 39 8
287 979 130 246 336 327 888 984 229 969 180
21 2 19 9 1 1 69 7
3 2 29
552 697 385 426 541 162 108 348 847 748 680
2 1 1 2 1 1 3 1
81 33 62
164 747 808 28 358 23 930 738 102 835 435
12 18 9 10 9 16 44 21
58 1 31
373 539 403 725 778 959 257 339 340 421 438
7 2 7 5 1 1 9 1
22 17 66
297 467 254 974 668 76 683 550 245 408 90
1 8 1 1 7 8 20 14
98 50 49
145 323 753 31 949 24 352 767 556 649 586
35 39 12 15 22 3 45 21
47 38 85
466 795 0 25 447 867 374 247 536 519 570
2 15 1 2 3 5 30 25
26 21 38
831 976 891 987 813 311 586 649 217 404 445
6 9 1 3 3 5 16 10
62 31 15
933 280 481 924 854 385 149 591 617 332 919
29 1 5 13 1 1 8 2
32 5 11
775 746 953 266 71 629 679 686 207 965 318
1 2 1 1 2 2 19 4
87 16 56
471 427 5 205 520 20 88 830 816 863 928
66 15 13 7 3 14 79 14
57 45 47
232 424 758 699 818 481 85 73 229 908 500
9 22 3 2 22 11 5 22
84 2 93
483 943 762 521 901 239 229 899 958 461 323
14 2 11 13 2 2 4 1
69 1 66
440 972 525 995 395 293 478 587 895 313 882
52 1 4 13 1 1 9 1
7 7 28
500 529 633 716 660 491 784 26 463 576 350
1 4 1 1 2 1 3 1
68 33 38
702 786 963 737 345 839 96 324 227 596 854
18 7 17 7 3 2 36 30
43 31 60
339 493 998 24 373 712 943 911 261 645 49
12 16 11 5 16 15 21 6
25 16 61
791 265 540 35 784 565 278 644 162 969 489
3 10 1 2 9 6 13 15
27 2 15
272 182 500 343 529 927 267 90 19 410 707
17 2 1 6 1 2 13 2
29 8 52
895 728 679 20 565 613 547 331 634 171 513
1 9 1 1 5 8 24 1
45 13 94
387 119 418 227 110 464 907 262 207 802 342
20 10 8 13 5 10 7 5
5 3 74
851 387 246 336 820 142 232 166 837 620 637
3 4 1 1 3 2 4 3
4 1 18
963 369 862 202 207 107 658 532 571 510 919
2 1 1 1 1 1 2 1
48 3 57
994 180 60 708 810 673 411 327 461 374 48
12 1 1 12 1 1 19 3
13 10 25
504 188 782 114 689 185 361 797 139 707 977
1 4 1 1 4 4 1 6
17 16 63
124 145 125 616 852 926 28 376 925 532 916
1 16 1 1 8 3 9 12
33 33 90
520 514 717 339 553 623 207 268 809 331 765
1 31 1 1 1 28 18 9
62 10 98
218 443 923 621 180 694 705 469 232 577 335
49 10 6 9 5 10 37 8
75 58 73
244 584 436 589 73 649 203 271 860 421 66
10 56 9 2 28 36 40 17
7 3 17
347 993 69 208 79 876 835 451 984 431 387
3 1 2 2 1 1 7 3
2 2 70
99 950 491 518 716 167 625 784 112 324 777
1 3 1 1 2 1 1 2
47 22 67
859 939 99 294 572 96 796 693 839 247 996
13 8 2 8 8 2 1 4
27 25 97
483 906 376 494 652 879 893 170 755 104 109
1 21 1 1 16 1 8 18
24 1 25
435 26 655 284 340 426 911 188 83 746 446
20 1 19 12 1 1 7 1
78 35 5
411 658 534 138 151 328 861 327 888 648 353
36 6 19 11 1 5 12 3
34 17 69
131 611 20 752 409 609 129 765 949 892 423
3 9 3 2 7 4 18 7
61 17 1
358 974 77 944 731 371 977 300 257 461 263
33 6 30 17 3 3 25 17
15 12 25
141 837 917 747 242 513 707 542 394 417 517
4 2 1 3 2 1 14 9
17 8 34
541 672 412 331 212 351 897 237 24 390 74
4 7 1 3 1 7 8 8
80 10 28
680 273 20 284 77 173 800 510 890 693 534
59 8 31 25 3 8 31 4
10 4 76
77 482 0 640 386 967 719 114 296 751 739
2 2 1 1 1 1 5 3
13 12 40
959 96 181 294 478 846 704 154 1 133 988
1 11 1 1 8 4 7 5
81 1 88
748 129 173 779 565 55 991 304 314 302 753
19 2 2 11 2 2 12 1
26 17 50
452 723 109 292 341 705 224 980 690 325 461
4 1 3 3 1 1 17 14
37 25 84
19 829 56 757 877 546 482 278 810 934 1
13 12 3 9 12 7 27 4
36 13 83
514 152 384 197 88 486 985 223 889 4 53
2 12 1 2 1 5 23 3
15 8 26
960 902 913 635 569 393 122 451 978 636 955
3 9 1 3 7 4 5 8
73 62 87
954 229 532 866 235 63 132 161 172 93 63
10 13 4 2 3 4 45 14
45 34 76
139 75 251 758 516 778 782 902 66 736 483
12 1 8 11 1 1 36 9
44 29 29
576 511 871 365 24 766 109 899 494 248 326
10 8 3 8 6 1 39 9
80 26 50
298 667 976 178 557 861 122 237 177 50 748
41 5 41 2 2 4 14 20
50 37 11
543 690 977 991 336 207 923 285 392 221 952
12 29 2 7 24 8 12 32
100 97 13
324 30 272 347 43 101 49 506 937 944 196
4 97 1 3 5 57 68 28
74 71 89
334 522 762 433 633 391 985 497 787 309 528
4 65 4 2 51 28 67 59
26 15 18
157 840 149 678 59 933 151 647 118 486 169
9 8 2 2 1 5 7 6
81 26 27
751 391 279 181 193 281 806 263 571 316 455
25 2 15 5 1 2 66 1
83 7 9
836 684 216 488 446 781 20 324 355 124 67
72 2 30 53 2 1 30 2
84 7 65
197 918 328 710 394 664 744 103 271 580 787
36 6 2 26 6 3 77 4
30 23 16
294 936 686 170 128 169 205 392 647 402 663
8 17 2 8 6 14 16 18
52 43 55
589 75 355 203 404 921 532 71 143 827 7
2 26 2 2 4 3 31 13
96 15 79
304 21 686 169 636 179 172 443 93 761 518
30 13 25 21 10 11 34 9
6 4 48
193 398 636 73 100 298 968 778 776 624 152
3 4 1 2 3 4 4 4
3 1 89
728 610 597 426 476 977 484 875 58 677 625
1 1 1 1 1 1 1 1
9 8 88
148 633 158 732 721 589 834 961 337 914 572
1 5 1 1 1 1 9 7
1 1 22
977 418 730 833 891 776 193 178 968 342 164
1 1 1 1 1 1 1 1
23 6 45
522 659 44 797 333 898 49 406 206 27 824
13 7 1 5 4 3 21 3
11 9 17
647 636 786 197 393 312 320 789 180 842 449
2 3 1 2 3 3 4 2
18 18 23
785 739 95 31 124 195 793 340 721 792 328
1 17 1 1 17 9 16 9
65 14 81
799 459 241 692 844 14 409 518 351 194 609
19 8 19 2 3 3 57 3
8 1 26
181 448 517 44 152 373 709 784 573 860 595
8 1 8 6 1 1 5 1
68 58 83
653 27 808 432 93 674 539 370 882 720 818
10 24 3 8 2 11 64 46
2 2 19
493 751 551 803 635 411 722 669 496 728 48
1 3 1 1 1 1 2 2
82 80 18
4 795 417 462 846 454 516 416 44 9 167
3 16 3 2 7 8 37 15
72 63 16
364 898 529 227 463 4 908 133 596 264 280
6 56 5 4 44 39 40 25
62 7 15
215 224 358 390 783 325 261 998 803 977 248
6 5 2 6 5 2 48 1
77 17 55
954 878 107 848 445 415 909 960 887 124 536
22 15 8 13 8 10 22 17
18 11 16
981 156 477 529 146 558 6 852 70 960 730
2 2 1 1 1 1 8 3
25 12 29
696 703 541 365 781 997 635 248 658 968 404
12 1 7 6 1 1 16 1
38 22 93
13 236 399 853 67 946 878 847 360 926 550
13 4 6 1 3 4 7 21
37 28 96
590 792 951 345 907 119 535 551 96 900 139
7 7 2 6 1 2 30 23
57 50 56
992 306 184 923 566 782 611 314 230 202 106
7 39 5 5 10 20 54 36
58 4 99
615 392 425 21 547 687 330 602 240 322 260
37 1 7 7 1 1 44 4
